date/time: .11/02/2014.11:45 a.m.
Run 1

time	(V)	V	(V)
0.000000	-5.187686E-2	2.194154E+0	6.022476E-2
0.000063	-7.447069E-2	2.136574E+0	6.216564E-2
0.000125	-9.455410E-2	1.670925E+0	6.216564E-2
0.000188	-1.221688E-1	1.247836E+0	6.151868E-2
0.000250	-1.347209E-1	9.774591E-1	6.216564E-2
0.000313	-1.522939E-1	8.047185E-1	6.281260E-2
0.000375	-1.698669E-1	6.845511E-1	6.345955E-2
0.000438	-1.773981E-1	6.119500E-1	6.345955E-2
0.000500	-1.899503E-1	5.393489E-1	6.345955E-2
0.000563	-2.050128E-1	4.792652E-1	6.345955E-2
0.000625	-2.175650E-1	4.291954E-1	6.216564E-2
0.000688	-2.326275E-1	4.066641E-1	6.216564E-2
0.000750	-2.351379E-1	3.816292E-1	6.216564E-2
0.000813	-2.476901E-1	3.515873E-1	6.216564E-2
0.000875	-2.602422E-1	3.240490E-1	5.957781E-2
0.000938	-2.652630E-1	3.140350E-1	6.022476E-2
0.001000	-2.853464E-1	3.040211E-1	6.022476E-2
0.001063	-2.928777E-1	2.814897E-1	6.151868E-2
0.001125	-3.079403E-1	2.564548E-1	6.216564E-2
0.001188	-3.154716E-1	2.464409E-1	6.216564E-2
0.001250	-3.280237E-1	2.113921E-1	6.281260E-2
0.001313	-3.355550E-1	1.638258E-1	6.151868E-2
0.001375	-3.405758E-1	1.087491E-1	6.087172E-2
0.001438	-3.430862E-1	7.370027E-2	6.345955E-2
0.001500	-3.430862E-1	5.367237E-2	6.410651E-2
0.001563	-3.430862E-1	3.602626E-3	6.345955E-2
0.001625	-3.430862E-1	-5.147409E-2	6.410651E-2
0.001688	-3.380654E-1	-7.901245E-2	6.216564E-2
0.001750	-3.355550E-1	-9.904035E-2	6.216564E-2
0.001813	-3.280237E-1	-1.390961E-1	6.281260E-2
0.001875	-3.230028E-1	-1.791519E-1	6.216564E-2
0.001938	-3.179820E-1	-2.091938E-1	6.087172E-2
0.002000	-3.079403E-1	-2.292217E-1	6.087172E-2
0.002063	-2.953881E-1	-2.592635E-1	6.022476E-2
0.002125	-2.953881E-1	-3.068298E-1	6.022476E-2
0.002188	-2.828360E-1	-3.343681E-1	6.022476E-2
0.002250	-2.702839E-1	-3.518925E-1	6.216564E-2
0.002313	-2.552213E-1	-3.819344E-1	6.151868E-2
0.002375	-2.451796E-1	-4.295006E-1	6.216564E-2
0.002438	-2.326275E-1	-4.670530E-1	6.216564E-2
0.002500	-2.150545E-1	-4.845774E-1	6.410651E-2
0.002563	-1.949711E-1	-5.071087E-1	6.345955E-2
0.002625	-1.773981E-1	-5.496680E-1	6.410651E-2
0.002688	-1.598252E-1	-5.922273E-1	6.345955E-2
0.002750	-1.347209E-1	-6.122552E-1	6.281260E-2
0.002813	-1.171479E-1	-6.397936E-1	6.281260E-2
0.002875	-9.204367E-2	-6.848563E-1	6.216564E-2
0.002938	-7.196027E-2	-7.274156E-1	6.216564E-2
0.003000	-5.187686E-2	-7.699749E-1	6.022476E-2
0.003063	-3.179345E-2	-8.350656E-1	6.022476E-2
0.003125	-9.199624E-3	-9.702539E-1	6.087172E-2
0.003188	8.373356E-3	-1.215596E+0	6.022476E-2
0.003250	2.845676E-2	-1.626167E+0	6.022476E-2
0.003313	5.105059E-2	-2.069285E+0	6.216564E-2
0.003375	6.862357E-2	-2.089313E+0	6.216564E-2
0.003438	7.615485E-2	-1.708783E+0	6.216564E-2
0.003500	9.874868E-2	-1.273176E+0	6.281260E-2
0.003563	1.138112E-1	-9.877783E-1	6.345955E-2
0.003625	1.313842E-1	-8.100307E-1	6.410651E-2
0.003688	1.489572E-1	-7.048842E-1	6.410651E-2
0.003750	1.665302E-1	-6.147587E-1	6.410651E-2
0.003813	1.790823E-1	-5.346471E-1	6.345955E-2
0.003875	1.966553E-1	-4.895843E-1	6.281260E-2
0.003938	2.041866E-1	-4.545355E-1	6.281260E-2
0.004000	2.242700E-1	-4.144797E-1	6.216564E-2
0.004063	2.393325E-1	-3.694170E-1	6.281260E-2
0.004125	2.493742E-1	-3.393751E-1	6.151868E-2
0.004188	2.569055E-1	-3.318646E-1	6.087172E-2
0.004250	2.619263E-1	-3.143402E-1	6.087172E-2
0.004313	2.719681E-1	-2.767879E-1	6.087172E-2
0.004375	2.845202E-1	-2.592635E-1	6.022476E-2
0.004438	2.895410E-1	-2.542565E-1	6.281260E-2
0.004500	2.970723E-1	-2.442426E-1	6.281260E-2
0.004563	3.020932E-1	-2.192077E-1	6.345955E-2
0.004625	3.071140E-1	-1.966763E-1	6.216564E-2
0.004688	3.146453E-1	-1.716415E-1	6.475347E-2
0.004750	3.171557E-1	-1.365927E-1	6.345955E-2
0.004813	3.297078E-1	-8.902640E-2	6.345955E-2
0.004875	3.322183E-1	-3.895665E-2	6.410651E-2
0.004938	3.322183E-1	-6.411322E-3	6.216564E-2
0.005000	3.322183E-1	2.112704E-2	6.216564E-2
0.005063	3.372391E-1	5.867934E-2	6.151868E-2
0.005125	3.347287E-1	1.112526E-1	6.216564E-2
0.005188	3.297078E-1	1.387909E-1	6.216564E-2
0.005250	3.271974E-1	1.638258E-1	6.022476E-2
0.005313	3.171557E-1	2.038816E-1	6.151868E-2
0.005375	3.071140E-1	2.514479E-1	6.151868E-2
0.005438	2.970723E-1	2.789862E-1	6.087172E-2
0.005500	2.845202E-1	3.040211E-1	6.216564E-2
0.005563	2.769889E-1	3.390699E-1	6.216564E-2
0.005625	2.543951E-1	3.816292E-1	6.216564E-2
0.005688	2.418429E-1	4.116710E-1	6.281260E-2
0.005750	2.267804E-1	4.216850E-1	6.475347E-2
0.005813	2.092074E-1	4.592373E-1	6.345955E-2
0.005875	1.966553E-1	4.942861E-1	6.410651E-2
0.005938	1.841032E-1	5.168175E-1	6.410651E-2
0.006000	1.589989E-1	5.593768E-1	6.345955E-2
0.006063	1.439363E-1	5.718942E-1	6.216564E-2
0.006125	1.213425E-1	6.294744E-1	6.216564E-2
0.006188	1.062800E-1	6.695302E-1	6.216564E-2
0.006250	8.619655E-2	7.020755E-1	6.281260E-2
0.006313	6.360272E-2	7.271104E-1	6.087172E-2
0.006375	4.602974E-2	7.972080E-1	6.087172E-2
0.006438	2.092548E-2	8.948440E-1	6.022476E-2
0.006500	-4.178772E-3	1.070088E+0	6.087172E-2
0.006563	-2.175175E-2	1.415569E+0	6.151868E-2
0.006625	-4.183516E-2	1.956323E+0	6.216564E-2
0.006688	-6.944984E-2	2.199161E+0	6.151868E-2
0.006750	-9.204367E-2	1.951316E+0	6.151868E-2
0.006813	-1.071062E-1	1.448115E+0	6.151868E-2
0.006875	-1.271896E-1	1.112647E+0	6.281260E-2
0.006938	-1.422522E-1	9.048580E-1	6.345955E-2
0.007000	-1.522939E-1	7.621592E-1	6.410651E-2
0.007063	-1.698669E-1	6.419918E-1	6.410651E-2
0.007125	-1.849294E-1	5.718942E-1	6.216564E-2
0.007188	-1.949711E-1	5.218245E-1	6.216564E-2
0.007250	-2.025024E-1	4.742582E-1	6.281260E-2
0.007313	-2.175650E-1	4.316989E-1	6.216564E-2
0.007375	-2.326275E-1	4.066641E-1	6.087172E-2
0.007438	-2.401588E-1	3.816292E-1	6.022476E-2
0.007500	-2.602422E-1	3.515873E-1	6.022476E-2
0.007563	-2.702839E-1	3.290560E-1	5.957781E-2
0.007625	-2.778152E-1	3.090281E-1	6.216564E-2
0.007688	-2.928777E-1	3.040211E-1	6.216564E-2
0.007750	-3.104507E-1	2.814897E-1	6.281260E-2
0.007813	-3.154716E-1	2.539513E-1	6.281260E-2
0.007875	-3.230028E-1	2.189025E-1	6.410651E-2
0.007938	-3.280237E-1	1.938676E-1	6.475347E-2
0.008000	-3.305341E-1	1.513084E-1	6.410651E-2
0.008063	-3.355550E-1	9.873514E-2	6.410651E-2
0.008125	-3.355550E-1	5.617586E-2	6.281260E-2
0.008188	-3.380654E-1	2.613401E-2	6.216564E-2
0.008250	-3.355550E-1	-6.411322E-3	6.281260E-2
0.008313	-3.355550E-1	-5.147409E-2	6.281260E-2
0.008375	-3.305341E-1	-8.652291E-2	6.281260E-2
0.008438	-3.280237E-1	-1.090543E-1	6.087172E-2
0.008500	-3.230028E-1	-1.365927E-1	6.087172E-2
0.008563	-3.230028E-1	-1.866624E-1	6.151868E-2
0.008625	-3.179820E-1	-2.116973E-1	6.087172E-2
0.008688	-3.104507E-1	-2.417391E-1	6.216564E-2
0.008750	-2.978986E-1	-2.617670E-1	6.216564E-2
0.008813	-2.928777E-1	-3.018228E-1	6.281260E-2
0.008875	-2.878569E-1	-3.543960E-1	6.216564E-2
0.008938	-2.702839E-1	-3.819344E-1	6.475347E-2
0.009000	-2.527109E-1	-3.944518E-1	6.410651E-2
0.009063	-2.351379E-1	-4.370111E-1	6.410651E-2
0.009125	-2.200754E-1	-4.820739E-1	6.410651E-2
0.009188	-2.075233E-1	-5.071087E-1	6.345955E-2
0.009250	-1.874398E-1	-5.271366E-1	6.216564E-2
0.009313	-1.673564E-1	-5.596820E-1	6.281260E-2
0.009375	-1.397418E-1	-5.947308E-1	6.281260E-2
0.009438	-1.221688E-1	-6.222692E-1	6.216564E-2
0.009500	-1.020854E-1	-6.498075E-1	6.151868E-2
0.009563	-8.200197E-2	-6.898633E-1	6.087172E-2
0.009625	-6.944984E-2	-7.474435E-1	6.087172E-2
0.009688	-4.936643E-2	-7.925063E-1	6.151868E-2
0.009750	-2.175175E-2	-8.651074E-1	6.022476E-2
0.009813	-1.668347E-3	-1.025331E+0	6.216564E-2
0.009875	1.841506E-2	-1.338266E+0	6.281260E-2
0.009938	3.096719E-2	-1.843971E+0	6.216564E-2
0.010000	5.607144E-2	-2.191956E+0	6.281260E-2
0.010063	7.364442E-2	-2.041746E+0	6.345955E-2
0.010125	9.121740E-2	-1.556070E+0	6.410651E-2
0.010188	1.163217E-1	-1.170533E+0	6.410651E-2
0.010250	1.338946E-1	-9.301981E-1	6.410651E-2
0.010313	1.489572E-1	-7.749819E-1	6.216564E-2
0.010375	1.640197E-1	-6.748424E-1	6.216564E-2
0.010438	1.815927E-1	-6.047447E-1	6.151868E-2
0.010500	1.941449E-1	-5.321436E-1	6.216564E-2
0.010563	2.092074E-1	-4.695564E-1	6.151868E-2
0.010625	2.217595E-1	-4.370111E-1	6.087172E-2
0.010688	2.343117E-1	-4.144797E-1	6.022476E-2
0.010750	2.443534E-1	-3.769274E-1	6.087172E-2
0.010813	2.543951E-1	-3.368716E-1	6.087172E-2
0.010875	2.644368E-1	-3.193472E-1	6.281260E-2
0.010938	2.719681E-1	-3.093333E-1	6.216564E-2
0.011000	2.769889E-1	-2.817949E-1	6.281260E-2
0.011063	2.870306E-1	-2.617670E-1	6.216564E-2
0.011125	2.970723E-1	-2.517531E-1	6.410651E-2
0.011188	3.020932E-1	-2.467461E-1	6.410651E-2
0.011250	3.146453E-1	-2.267182E-1	6.410651E-2
0.011313	3.271974E-1	-1.691380E-1	6.345955E-2
0.011375	3.297078E-1	-1.415996E-1	6.345955E-2
0.011438	3.372391E-1	-1.140613E-1	6.216564E-2
0.011500	3.397495E-1	-7.650896E-2	6.151868E-2
0.011563	3.497912E-1	-2.143224E-2	6.216564E-2
0.011625	3.497912E-1	2.112704E-2	6.151868E-2
0.011688	3.472808E-1	4.115493E-2	6.087172E-2
0.011750	3.447704E-1	7.870724E-2	6.022476E-2
0.011813	3.347287E-1	1.237700E-1	6.151868E-2
0.011875	3.347287E-1	1.688328E-1	6.151868E-2
0.011938	3.246870E-1	1.888607E-1	6.216564E-2
0.012000	3.146453E-1	2.189025E-1	6.216564E-2
0.012063	3.020932E-1	2.614618E-1	6.281260E-2
0.012125	2.920515E-1	2.965106E-1	6.281260E-2
0.012188	2.794993E-1	3.190420E-1	6.216564E-2
0.012250	2.669472E-1	3.415734E-1	6.281260E-2
0.012313	2.569055E-1	3.841327E-1	6.410651E-2
0.012375	2.493742E-1	4.216850E-1	6.410651E-2
0.012438	2.318012E-1	4.367059E-1	6.410651E-2
0.012500	2.142283E-1	4.592373E-1	6.151868E-2
0.012563	1.991657E-1	6.645232E-1	6.281260E-2
0.012625	1.891240E-1	5.994326E-1	6.216564E-2
0.012688	1.665302E-1	5.693907E-1	6.216564E-2
0.012750	1.464468E-1	5.894186E-1	6.151868E-2
0.012813	1.263634E-1	6.369849E-1	6.022476E-2
0.012875	9.874868E-2	6.820476E-1	6.087172E-2
0.012938	7.866527E-2	7.095860E-1	5.957781E-2
0.013000	5.607144E-2	7.521453E-1	6.087172E-2
0.013063	3.849846E-2	8.172359E-1	6.216564E-2
0.013125	1.590463E-2	9.374033E-1	6.281260E-2
0.013188	-1.171005E-2	1.150200E+0	6.151868E-2
0.013250	-3.179345E-2	1.555765E+0	6.216564E-2
0.013313	-5.438729E-2	2.041441E+0	6.410651E-2
0.013375	-6.944984E-2	2.139077E+0	6.345955E-2
0.013438	-8.451239E-2	1.808617E+0	6.345955E-2
0.013500	-1.071062E-1	1.332954E+0	6.410651E-2
0.013563	-1.196584E-1	1.030032E+0	6.216564E-2
0.013625	-1.347209E-1	8.472778E-1	6.216564E-2
0.013688	-1.447626E-1	7.221034E-1	6.216564E-2
0.013750	-1.598252E-1	6.169570E-1	6.216564E-2
0.013813	-1.773981E-1	5.493628E-1	6.216564E-2
0.013875	-1.849294E-1	5.017966E-1	6.151868E-2
0.013938	-2.025024E-1	4.617408E-1	6.022476E-2
0.014000	-2.200754E-1	4.141745E-1	6.022476E-2
0.014063	-2.326275E-1	3.841327E-1	6.087172E-2
0.014125	-2.401588E-1	3.666083E-1	6.216564E-2
0.014188	-2.527109E-1	3.465804E-1	6.151868E-2
0.014250	-2.677735E-1	3.165385E-1	6.151868E-2
0.014313	-2.803256E-1	2.864967E-1	6.151868E-2
0.014375	-2.903673E-1	2.789862E-1	6.345955E-2
0.014438	-3.004090E-1	2.689723E-1	6.410651E-2
0.014500	-3.029194E-1	2.514479E-1	6.345955E-2
0.014563	-3.079403E-1	2.264130E-1	6.281260E-2
0.014625	-3.179820E-1	1.813502E-1	6.281260E-2
0.014688	-3.255133E-1	1.437979E-1	6.345955E-2
0.014750	-3.230028E-1	1.012386E-1	6.216564E-2
0.014813	-3.230028E-1	4.866539E-2	6.216564E-2
0.014875	-3.280237E-1	2.363052E-2	6.216564E-2
0.014938	-3.230028E-1	-6.411322E-3	6.151868E-2
0.015000	-3.280237E-1	-4.396363E-2	6.087172E-2
0.015063	-3.355550E-1	-9.152988E-2	6.022476E-2
0.015125	-3.305341E-1	-1.190682E-1	6.087172E-2
0.015188	-3.255133E-1	-1.365927E-1	6.281260E-2
0.015250	-3.204924E-1	-1.766484E-1	6.216564E-2
0.015313	-3.204924E-1	-2.242147E-1	6.151868E-2
0.015375	-3.129611E-1	-2.567600E-1	6.216564E-2
0.015438	-3.004090E-1	-2.767879E-1	6.345955E-2
0.015500	-2.903673E-1	-3.118368E-1	6.410651E-2
0.015563	-2.727943E-1	-3.568995E-1	6.410651E-2
0.015625	-2.577318E-1	-3.944518E-1	6.410651E-2
0.015688	-2.426692E-1	-4.144797E-1	6.281260E-2
0.015750	-2.326275E-1	-4.395146E-1	6.281260E-2
0.015813	-2.100337E-1	-4.820739E-1	6.216564E-2
0.015875	-1.949711E-1	-5.096122E-1	6.216564E-2
0.015938	-1.748877E-1	-5.271366E-1	6.281260E-2
0.016000	-1.522939E-1	-5.521715E-1	6.151868E-2
0.016063	-1.372313E-1	-5.972343E-1	6.087172E-2
0.016125	-1.246792E-1	-6.372901E-1	6.087172E-2
0.016188	-1.096167E-1	-6.573180E-1	6.151868E-2
0.016250	-8.702282E-2	-6.898633E-1	6.216564E-2
0.016313	-6.442899E-2	-7.499470E-1	6.151868E-2
0.016375	-4.434558E-2	-8.300586E-1	6.281260E-2
0.016438	-2.426218E-2	-9.301981E-1	6.410651E-2
0.016500	-4.178772E-3	-1.125470E+0	6.475347E-2
0.016563	1.590463E-2	-1.518518E+0	6.345955E-2
0.016625	3.849846E-2	-2.031732E+0	6.410651E-2
0.016688	6.360272E-2	-2.179438E+0	6.410651E-2
0.016750	7.615485E-2	-1.853985E+0	6.216564E-2
0.016813	9.874868E-2	-1.383329E+0	6.216564E-2
0.016875	1.238529E-1	-1.067890E+0	6.281260E-2
0.016938	1.439363E-1	-8.601004E-1	6.216564E-2
0.017000	1.589989E-1	-7.224086E-1	6.151868E-2
0.017063	1.690406E-1	-6.272761E-1	6.087172E-2
0.017125	1.841032E-1	-5.671924E-1	6.087172E-2
0.017188	1.891240E-1	-5.146192E-1	6.151868E-2
0.017250	2.066970E-1	-4.470251E-1	6.087172E-2
0.017313	2.217595E-1	-4.094728E-1	6.216564E-2
0.017375	2.318012E-1	-3.894449E-1	6.281260E-2
0.017438	2.343117E-1	-3.669135E-1	6.216564E-2
0.017500	2.493742E-1	-3.393751E-1	6.216564E-2
0.017563	2.619263E-1	-3.143402E-1	6.410651E-2
0.017625	2.694576E-1	-3.043263E-1	6.475347E-2
0.017688	2.820098E-1	-2.968158E-1	6.281260E-2
0.017750	2.920515E-1	-2.767879E-1	6.345955E-2
0.017813	3.020932E-1	-2.617670E-1	6.281260E-2
0.017875	3.171557E-1	-2.517531E-1	6.281260E-2
0.017938	3.297078E-1	-2.317252E-1	6.216564E-2
0.018000	3.322183E-1	-1.791519E-1	6.216564E-2
0.018063	3.397495E-1	-1.115578E-1	6.216564E-2
0.018125	3.422600E-1	-8.401942E-2	6.087172E-2
0.018188	3.447704E-1	-4.897060E-2	6.022476E-2
0.018250	3.422600E-1	-6.411322E-3	5.957781E-2
0.018313	3.447704E-1	4.616191E-2	6.022476E-2
0.018375	3.372391E-1	7.370027E-2	6.216564E-2
0.018438	3.372391E-1	1.012386E-1	6.216564E-2
0.018500	3.297078E-1	1.362874E-1	6.151868E-2
0.018563	3.221766E-1	1.838537E-1	6.216564E-2
0.018625	3.171557E-1	2.088886E-1	6.345955E-2
0.018688	3.046036E-1	2.289165E-1	6.281260E-2
0.018750	3.020932E-1	2.639653E-1	6.410651E-2
0.018813	2.920515E-1	3.065246E-1	6.345955E-2
0.018875	2.845202E-1	3.265525E-1	6.151868E-2
0.018938	2.669472E-1	3.465804E-1	6.216564E-2
0.019000	2.644368E-1	3.816292E-1	6.151868E-2
0.019063	2.493742E-1	4.291954E-1	6.216564E-2
0.019125	2.318012E-1	4.592373E-1	6.151868E-2
0.019188	2.142283E-1	4.767617E-1	6.022476E-2
0.019250	1.966553E-1	5.043001E-1	6.022476E-2
0.019313	1.790823E-1	5.218245E-1	6.087172E-2
0.019375	1.539780E-1	6.444953E-1	6.087172E-2
0.019438	1.313842E-1	6.495023E-1	6.216564E-2
0.019500	1.113008E-1	6.570128E-1	6.151868E-2
0.019563	8.870698E-2	6.920616E-1	6.216564E-2
0.019625	6.611315E-2	7.296139E-1	6.216564E-2
0.019688	4.854017E-2	7.646627E-1	6.410651E-2
0.019750	2.343591E-2	8.322569E-1	6.345955E-2
0.019813	8.373356E-3	9.724521E-1	6.345955E-2
0.019875	-1.422048E-2	1.237822E+0	6.410651E-2
0.019938	-3.179345E-2	1.723498E+0	6.216564E-2
0.020000	-5.438729E-2	2.169119E+0	6.216564E-2
0.020063	-6.944984E-2	2.131567E+0	6.216564E-2
0.020125	-8.702282E-2	1.675932E+0	6.216564E-2
0.020188	-1.020854E-1	1.247836E+0	6.216564E-2
0.020250	-1.221688E-1	9.724521E-1	6.022476E-2
0.020313	-1.397418E-1	8.072220E-1	6.087172E-2
0.020375	-1.598252E-1	7.045790E-1	6.151868E-2
0.020438	-1.748877E-1	6.169570E-1	5.957781E-2
0.020500	-1.949711E-1	5.443558E-1	6.216564E-2
0.020563	-2.050128E-1	4.967896E-1	6.216564E-2
0.020625	-2.250962E-1	4.617408E-1	6.281260E-2
0.020688	-2.376484E-1	4.191815E-1	6.281260E-2
0.020750	-2.502005E-1	3.716152E-1	6.345955E-2
0.020813	-2.602422E-1	3.465804E-1	6.410651E-2
0.020875	-2.702839E-1	3.365664E-1	6.410651E-2
0.020938	-2.727943E-1	3.190420E-1	6.345955E-2
0.021000	-2.828360E-1	2.864967E-1	6.475347E-2
0.021063	-2.953881E-1	2.664688E-1	6.216564E-2
0.021125	-3.054299E-1	2.614618E-1	6.281260E-2
0.021188	-3.079403E-1	2.414339E-1	6.216564E-2
0.021250	-3.154716E-1	1.988746E-1	6.216564E-2
0.021313	-3.230028E-1	1.513084E-1	6.151868E-2
0.021375	-3.230028E-1	1.262735E-1	6.087172E-2
0.021438	-3.330445E-1	9.122468E-2	6.087172E-2
0.021500	-3.405758E-1	4.115493E-2	6.087172E-2
0.021563	-3.430862E-1	-6.411322E-3	6.151868E-2
0.021625	-3.405758E-1	-2.143224E-2	6.216564E-2
0.021688	-3.380654E-1	-5.147409E-2	6.216564E-2
0.021750	-3.430862E-1	-9.152988E-2	6.216564E-2
0.021813	-3.405758E-1	-1.466066E-1	6.281260E-2
0.021875	-3.330445E-1	-1.641310E-1	6.345955E-2
0.021938	-3.255133E-1	-1.916694E-1	6.345955E-2
0.022000	-3.129611E-1	-2.367321E-1	6.410651E-2
0.022063	-3.004090E-1	-2.792914E-1	6.345955E-2
0.022125	-2.928777E-1	-3.093333E-1	6.281260E-2
0.022188	-2.778152E-1	-3.318646E-1	6.216564E-2
0.022250	-2.627526E-1	-3.669135E-1	6.281260E-2
0.022313	-2.527109E-1	-4.019623E-1	6.216564E-2
0.022375	-2.376484E-1	-4.295006E-1	6.087172E-2
0.022438	-2.200754E-1	-4.470251E-1	6.022476E-2
0.022500	-2.100337E-1	-4.820739E-1	6.022476E-2
0.022563	-1.924607E-1	-5.196262E-1	6.087172E-2
0.022625	-1.773981E-1	-5.496680E-1	6.216564E-2
0.022688	-1.573147E-1	-5.671924E-1	6.281260E-2
0.022750	-1.347209E-1	-5.972343E-1	6.281260E-2
0.022813	-1.221688E-1	-6.422971E-1	6.216564E-2
0.022875	-1.045958E-1	-6.873598E-1	6.216564E-2
0.022938	-7.949154E-2	-7.123947E-1	6.410651E-2
0.023000	-5.940814E-2	-7.624644E-1	6.345955E-2
0.023063	-3.430388E-2	-8.500865E-1	6.410651E-2
0.023125	-1.422048E-2	-9.802678E-1	6.475347E-2
0.023188	8.373356E-3	-1.203078E+0	6.216564E-2
0.023250	2.845676E-2	-1.621161E+0	6.216564E-2
0.023313	5.607144E-2	-2.076795E+0	6.216564E-2
0.023375	7.615485E-2	-2.101830E+0	6.216564E-2
0.023438	9.121740E-2	-1.716293E+0	6.151868E-2
0.023500	1.087904E-1	-1.273176E+0	6.087172E-2
0.023563	1.188321E-1	-1.000296E+0	6.087172E-2
0.023625	1.364051E-1	-8.225481E-1	6.022476E-2
0.023688	1.489572E-1	-6.898633E-1	6.216564E-2
0.023750	1.665302E-1	-5.947308E-1	6.281260E-2
0.023813	1.715510E-1	-5.371506E-1	6.216564E-2
0.023875	1.866136E-1	-4.895843E-1	6.216564E-2
0.023938	1.991657E-1	-4.445216E-1	6.216564E-2
0.024000	2.142283E-1	-4.019623E-1	6.475347E-2
0.024063	2.267804E-1	-3.794309E-1	6.345955E-2
0.024125	2.393325E-1	-3.568995E-1	6.410651E-2
0.024188	2.493742E-1	-3.318646E-1	6.410651E-2
0.024250	2.594159E-1	-3.043263E-1	6.151868E-2
0.024313	2.719681E-1	-2.893054E-1	6.216564E-2
0.024375	2.870306E-1	-2.842984E-1	6.216564E-2
0.024438	2.945619E-1	-2.617670E-1	6.216564E-2
0.024500	3.071140E-1	-2.342287E-1	6.087172E-2
0.024563	3.146453E-1	-2.242147E-1	6.151868E-2
0.024625	3.146453E-1	-2.066903E-1	6.087172E-2
0.024688	3.146453E-1	-1.716415E-1	6.087172E-2
0.024750	3.271974E-1	-1.090543E-1	6.087172E-2
0.024813	3.297078E-1	-7.400547E-2	6.216564E-2
0.024875	3.297078E-1	-4.146014E-2	6.216564E-2
0.024938	3.271974E-1	-1.141830E-2	6.216564E-2
0.025000	3.271974E-1	3.614796E-2	6.216564E-2
0.025063	3.271974E-1	7.119678E-2	6.410651E-2
0.025125	3.221766E-1	9.122468E-2	6.410651E-2
0.025188	3.246870E-1	1.287770E-1	6.345955E-2
0.025250	3.221766E-1	1.663293E-1	6.475347E-2
0.025313	3.121349E-1	2.113921E-1	6.281260E-2
0.025375	3.020932E-1	2.314200E-1	6.216564E-2
0.025438	3.046036E-1	2.539513E-1	6.216564E-2
0.025500	2.870306E-1	3.090281E-1	6.216564E-2
0.025563	2.794993E-1	3.440769E-1	6.087172E-2
0.025625	2.644368E-1	3.691117E-1	6.022476E-2
0.025688	2.493742E-1	3.891396E-1	6.087172E-2
0.025750	2.318012E-1	4.316989E-1	6.087172E-2
0.025813	2.167387E-1	4.817687E-1	6.087172E-2
0.025875	1.991657E-1	4.992931E-1	6.216564E-2
0.025938	1.815927E-1	5.218245E-1	6.216564E-2
0.026000	1.564885E-1	4.517268E-1	6.216564E-2
0.026063	1.389155E-1	5.718942E-1	6.216564E-2
0.026125	1.188321E-1	6.369849E-1	6.410651E-2
0.026188	9.623825E-2	6.570128E-1	6.345955E-2
0.026250	8.368613E-2	6.870546E-1	6.345955E-2
0.026313	6.360272E-2	7.321174E-1	6.345955E-2
0.026375	3.849846E-2	7.846906E-1	6.216564E-2
0.026438	1.590463E-2	8.673057E-1	6.281260E-2
0.026500	5.862930E-3	1.047557E+0	6.216564E-2
0.026563	-1.422048E-2	1.410562E+0	6.345955E-2
0.026625	-3.430388E-2	1.948812E+0	6.087172E-2
0.026688	-5.689771E-2	2.189147E+0	6.022476E-2
0.026750	-7.949154E-2	1.966337E+0	6.087172E-2
0.026813	-9.957495E-2	1.475653E+0	6.087172E-2
0.026875	-1.221688E-1	1.132675E+0	6.022476E-2
0.026938	-1.347209E-1	9.048580E-1	6.216564E-2
0.027000	-1.522939E-1	7.546488E-1	6.151868E-2
0.027063	-1.799086E-1	6.670267E-1	6.216564E-2
0.027125	-1.874398E-1	5.869151E-1	6.216564E-2
0.027188	-2.025024E-1	5.193210E-1	6.475347E-2
0.027250	-2.175650E-1	4.692512E-1	6.410651E-2
0.027313	-2.225858E-1	4.417129E-1	6.410651E-2
0.027375	-2.376484E-1	4.016571E-1	6.345955E-2
0.027438	-2.426692E-1	3.691117E-1	6.216564E-2
0.027500	-2.627526E-1	3.390699E-1	6.281260E-2
0.027563	-2.627526E-1	3.290560E-1	6.281260E-2
0.027625	-2.753047E-1	3.165385E-1	6.281260E-2
0.027688	-2.828360E-1	2.965106E-1	6.087172E-2
0.027750	-2.953881E-1	2.664688E-1	5.957781E-2
0.027813	-3.079403E-1	2.539513E-1	6.151868E-2
0.027875	-3.104507E-1	2.414339E-1	6.087172E-2
0.027938	-3.230028E-1	1.988746E-1	6.087172E-2
0.028000	-3.330445E-1	1.463014E-1	6.216564E-2
0.028063	-3.355550E-1	1.087491E-1	6.151868E-2
0.028125	-3.405758E-1	8.121073E-2	6.216564E-2
0.028188	-3.405758E-1	3.614796E-2	6.281260E-2
0.028250	-3.430862E-1	-1.392178E-2	6.345955E-2
0.028313	-3.481071E-1	-5.147409E-2	6.345955E-2
0.028375	-3.380654E-1	-7.650896E-2	6.410651E-2
0.028438	-3.330445E-1	-1.090543E-1	6.410651E-2
0.028500	-3.280237E-1	-1.591240E-1	6.216564E-2
0.028563	-3.230028E-1	-1.966763E-1	6.216564E-2
0.028625	-3.129611E-1	-2.167042E-1	6.281260E-2
0.028688	-3.029194E-1	-2.392356E-1	6.281260E-2
0.028750	-2.953881E-1	-2.842984E-1	6.022476E-2
0.028813	-2.853464E-1	-3.168437E-1	6.151868E-2
0.028875	-2.677735E-1	-3.368716E-1	6.087172E-2
0.028938	-2.627526E-1	-3.644100E-1	6.087172E-2
0.029000	-2.527109E-1	-4.044658E-1	6.087172E-2
0.029063	-2.376484E-1	-4.395146E-1	6.216564E-2
0.029125	-2.200754E-1	-4.620460E-1	6.216564E-2
0.029188	-2.075233E-1	-4.845774E-1	6.281260E-2
0.029250	-1.924607E-1	-5.296401E-1	6.216564E-2
0.029313	-1.723773E-1	-5.621855E-1	6.410651E-2
0.029375	-1.548043E-1	-5.897238E-1	6.410651E-2
0.029438	-1.297001E-1	-6.147587E-1	6.475347E-2
0.029500	-1.121271E-1	-6.648284E-1	6.345955E-2
0.029563	-8.702282E-2	-7.098912E-1	6.216564E-2
0.029625	-6.693941E-2	-7.399331E-1	6.281260E-2
0.029688	-3.932473E-2	-7.874993E-1	6.281260E-2
0.029750	-2.175175E-2	-8.751214E-1	6.281260E-2
0.029813	-1.668347E-3	-1.032841E+0	6.216564E-2
0.029875	1.841506E-2	-1.330756E+0	6.151868E-2
0.029938	4.602974E-2	-1.823943E+0	6.151868E-2
0.030000	5.858187E-2	-2.189452E+0	6.087172E-2
0.030063	7.615485E-2	-2.051760E+0	6.151868E-2
0.030125	9.121740E-2	-1.556070E+0	6.216564E-2
0.030188	1.163217E-1	-1.160519E+0	6.281260E-2
0.030250	1.263634E-1	-9.151772E-1	6.281260E-2
0.030313	1.389155E-1	-7.824923E-1	6.216564E-2
0.030375	1.564885E-1	-6.748424E-1	6.345955E-2
0.030438	1.740615E-1	-5.797099E-1	6.475347E-2
0.030500	1.916344E-1	-5.171227E-1	6.345955E-2
0.030563	2.041866E-1	-4.845774E-1	6.345955E-2
0.030625	2.142283E-1	-4.445216E-1	6.281260E-2
0.030688	2.292908E-1	-3.994588E-1	6.216564E-2
0.030750	2.468638E-1	-3.719204E-1	6.216564E-2
0.030813	2.569055E-1	-3.543960E-1	6.216564E-2
0.030875	2.669472E-1	-3.368716E-1	6.022476E-2
0.030938	2.769889E-1	-3.018228E-1	6.087172E-2
0.031000	2.895410E-1	-2.792914E-1	6.151868E-2
0.031063	2.870306E-1	-2.717810E-1	6.087172E-2
0.031125	2.995827E-1	-2.617670E-1	6.022476E-2
0.031188	3.096244E-1	-2.367321E-1	6.281260E-2
0.031250	3.196661E-1	-2.091938E-1	6.281260E-2
0.031313	3.221766E-1	-1.766484E-1	6.281260E-2
0.031375	3.246870E-1	-1.516136E-1	6.216564E-2
0.031438	3.297078E-1	-1.065508E-1	6.410651E-2
0.031500	3.322183E-1	-5.397758E-2	6.410651E-2
0.031563	3.397495E-1	-2.393573E-2	6.410651E-2
0.031625	3.422600E-1	-1.404348E-3	6.281260E-2
0.031688	3.447704E-1	4.115493E-2	6.216564E-2
0.031750	3.397495E-1	8.872119E-2	6.216564E-2
0.031813	3.372391E-1	1.187630E-1	6.216564E-2
0.031875	3.347287E-1	1.437979E-1	6.281260E-2
0.031938	3.271974E-1	1.863572E-1	6.216564E-2
0.032000	3.246870E-1	2.314200E-1	6.087172E-2
0.032063	3.146453E-1	2.589583E-1	6.087172E-2
0.032125	2.970723E-1	2.789862E-1	6.022476E-2
0.032188	2.870306E-1	3.215455E-1	6.022476E-2
0.032250	2.769889E-1	3.641048E-1	6.281260E-2
0.032313	2.619263E-1	3.941466E-1	6.216564E-2
0.032375	2.393325E-1	4.116710E-1	6.216564E-2
0.032438	2.242700E-1	4.367059E-1	6.216564E-2
0.032500	2.117178E-1	4.792652E-1	6.410651E-2
0.032563	1.916344E-1	6.720337E-1	6.345955E-2
0.032625	1.815927E-1	6.294744E-1	6.410651E-2
0.032688	1.615093E-1	5.794047E-1	6.410651E-2
0.032750	1.439363E-1	5.994326E-1	6.410651E-2
0.032813	1.213425E-1	6.344814E-1	6.216564E-2
0.032875	9.623825E-2	6.620197E-1	6.216564E-2
0.032938	8.368613E-2	6.920616E-1	6.216564E-2
0.033000	6.611315E-2	7.521453E-1	6.216564E-2
0.033063	4.602974E-2	8.222429E-1	6.022476E-2
0.033125	2.092548E-2	9.248859E-1	6.022476E-2
0.033188	-9.199624E-3	1.130172E+0	6.087172E-2
0.033250	-2.677260E-2	1.560772E+0	6.087172E-2
0.033313	-4.183516E-2	2.046448E+0	6.216564E-2
0.033375	-6.442899E-2	2.144084E+0	6.216564E-2
0.033438	-9.204367E-2	1.811120E+0	6.151868E-2
0.033500	-1.096167E-1	1.347975E+0	6.216564E-2
0.033563	-1.221688E-1	1.052564E+0	6.410651E-2
0.033625	-1.397418E-1	8.522848E-1	6.345955E-2
0.033688	-1.573147E-1	7.145930E-1	6.410651E-2
0.033750	-1.673564E-1	6.244674E-1	6.410651E-2
0.033813	-1.824190E-1	5.618803E-1	6.410651E-2
0.033875	-1.949711E-1	4.992931E-1	6.281260E-2
0.033938	-2.100337E-1	4.417129E-1	6.281260E-2
0.034000	-2.150545E-1	4.066641E-1	6.216564E-2
0.034063	-2.250962E-1	3.916431E-1	6.281260E-2
0.034125	-2.351379E-1	3.691117E-1	6.087172E-2
0.034188	-2.502005E-1	3.265525E-1	6.087172E-2
0.034250	-2.652630E-1	3.040211E-1	6.087172E-2
0.034313	-2.702839E-1	3.065246E-1	6.087172E-2
0.034375	-2.828360E-1	2.915036E-1	6.281260E-2
0.034438	-2.903673E-1	2.639653E-1	6.216564E-2
0.034500	-3.029194E-1	2.439374E-1	6.281260E-2
0.034563	-3.129611E-1	2.439374E-1	6.216564E-2
0.034625	-3.204924E-1	1.938676E-1	6.281260E-2
0.034688	-3.280237E-1	1.437979E-1	6.345955E-2
0.034750	-3.355550E-1	9.122468E-2	6.345955E-2
0.034813	-3.330445E-1	6.368632E-2	6.345955E-2
0.034875	-3.305341E-1	2.613401E-2	6.410651E-2
0.034938	-3.380654E-1	-2.393573E-2	6.216564E-2
0.035000	-3.330445E-1	-6.899850E-2	6.216564E-2
0.035063	-3.280237E-1	-9.403337E-2	6.281260E-2
0.035125	-3.230028E-1	-1.040473E-1	6.216564E-2
0.035188	-3.179820E-1	-1.491101E-1	6.216564E-2
0.035250	-3.129611E-1	-1.916694E-1	6.087172E-2
0.035313	-3.104507E-1	-2.217112E-1	6.151868E-2
0.035375	-3.029194E-1	-2.417391E-1	6.151868E-2
0.035438	-2.928777E-1	-2.717810E-1	6.087172E-2
0.035500	-2.828360E-1	-3.218507E-1	6.216564E-2
0.035563	-2.753047E-1	-3.543960E-1	6.216564E-2
0.035625	-2.652630E-1	-3.744239E-1	6.216564E-2
0.035688	-2.502005E-1	-4.119762E-1	6.216564E-2
0.035750	-2.426692E-1	-4.570390E-1	6.281260E-2
0.035813	-2.225858E-1	-4.795704E-1	6.345955E-2
0.035875	-1.974815E-1	-4.995983E-1	6.410651E-2
0.035938	-1.799086E-1	-5.321436E-1	6.475347E-2
0.036000	-1.673564E-1	-5.772064E-1	6.216564E-2
0.036063	-1.472730E-1	-6.072482E-1	6.216564E-2
0.036125	-1.146375E-1	-6.322831E-1	6.281260E-2
0.036188	-9.455410E-2	-6.548145E-1	6.216564E-2
0.036250	-7.698112E-2	-7.098912E-1	6.087172E-2
0.036313	-5.940814E-2	-7.549540E-1	6.151868E-2
0.036375	-4.434558E-2	-8.125342E-1	6.087172E-2
0.036438	-2.426218E-2	-9.226876E-1	6.087172E-2
0.036500	-1.668347E-3	-1.125470E+0	6.022476E-2
0.036563	2.092548E-2	-1.508504E+0	6.216564E-2
0.036625	4.351932E-2	-2.009201E+0	6.281260E-2
0.036688	5.607144E-2	-2.151900E+0	6.281260E-2
0.036750	7.364442E-2	-1.866502E+0	6.151868E-2
0.036813	9.372783E-2	-1.390840E+0	6.345955E-2
0.036875	1.113008E-1	-1.065386E+0	6.475347E-2
0.036938	1.338946E-1	-8.626039E-1	6.345955E-2
0.037000	1.489572E-1	-7.424365E-1	6.345955E-2
0.037063	1.640197E-1	-6.498075E-1	6.410651E-2
0.037125	1.765719E-1	-5.721994E-1	6.216564E-2
0.037188	1.891240E-1	-5.046053E-1	6.216564E-2
0.037250	2.117178E-1	-4.645495E-1	6.281260E-2
0.037313	2.242700E-1	-4.345076E-1	6.216564E-2
0.037375	2.368221E-1	-3.994588E-1	6.151868E-2
0.037438	2.493742E-1	-3.594030E-1	6.022476E-2
0.037500	2.569055E-1	-3.393751E-1	6.087172E-2
0.037563	2.644368E-1	-3.293612E-1	6.087172E-2
0.037625	2.744785E-1	-3.018228E-1	6.216564E-2
0.037688	2.845202E-1	-2.692775E-1	6.151868E-2
0.037750	2.970723E-1	-2.567600E-1	6.216564E-2
0.037813	2.970723E-1	-2.542565E-1	6.216564E-2
0.037875	3.071140E-1	-2.467461E-1	6.216564E-2
0.037938	3.171557E-1	-2.091938E-1	6.281260E-2
0.038000	3.196661E-1	-1.641310E-1	6.345955E-2
0.038063	3.322183E-1	-1.340892E-1	6.410651E-2
0.038125	3.372391E-1	-9.653686E-2	6.475347E-2
0.038188	3.397495E-1	-4.646712E-2	6.216564E-2
0.038250	3.472808E-1	-3.907835E-3	6.216564E-2
0.038313	3.472808E-1	1.862355E-2	6.216564E-2
0.038375	3.447704E-1	5.116888E-2	6.216564E-2
0.038438	3.447704E-1	9.873514E-2	6.281260E-2
0.038500	3.397495E-1	1.412944E-1	6.151868E-2
0.038563	3.347287E-1	1.613223E-1	6.087172E-2
0.038625	3.221766E-1	1.863572E-1	6.022476E-2
0.038688	3.146453E-1	2.414339E-1	6.022476E-2
0.038750	3.046036E-1	2.839932E-1	6.216564E-2
0.038813	2.945619E-1	3.040211E-1	6.216564E-2
0.038875	2.769889E-1	3.290560E-1	6.216564E-2
0.038938	2.644368E-1	3.641048E-1	6.216564E-2
0.039000	2.518846E-1	4.091675E-1	6.410651E-2
0.039063	2.343117E-1	4.316989E-1	6.410651E-2
0.039125	2.242700E-1	4.467198E-1	6.345955E-2
0.039188	2.066970E-1	4.842722E-1	6.410651E-2
0.039250	1.916344E-1	5.168175E-1	6.410651E-2
0.039313	1.740615E-1	6.570128E-1	6.151868E-2
0.039375	1.514676E-1	6.019361E-1	6.151868E-2
0.039438	1.364051E-1	6.144535E-1	6.216564E-2
0.039500	1.188321E-1	6.545093E-1	6.216564E-2
0.039563	9.874868E-2	6.870546E-1	6.022476E-2
0.039625	7.866527E-2	7.170965E-1	6.087172E-2
0.039688	5.105059E-2	7.596557E-1	6.087172E-2
0.039750	2.845676E-2	8.472778E-1	6.087172E-2
0.039813	1.088378E-2	9.824661E-1	6.216564E-2
0.039875	-1.171005E-2	1.235318E+0	6.151868E-2
0.039938	-3.932473E-2	1.733512E+0	6.216564E-2
0.040000	-5.689771E-2	2.191650E+0	6.151868E-2
0.040063	-7.698112E-2	2.149091E+0	6.216564E-2
0.040125	-9.957495E-2	1.678436E+0	6.345955E-2
0.040188	-1.171479E-1	1.245332E+0	6.410651E-2
0.040250	-1.246792E-1	9.874731E-1	6.345955E-2
0.040313	-1.422522E-1	8.147325E-1	6.410651E-2
0.040375	-1.623356E-1	6.870546E-1	6.216564E-2
0.040438	-1.748877E-1	5.944256E-1	6.216564E-2
0.040500	-1.824190E-1	5.368454E-1	6.216564E-2
0.040563	-1.974815E-1	4.967896E-1	6.216564E-2
0.040625	-2.125441E-1	4.467198E-1	6.087172E-2
0.040688	-2.276067E-1	4.016571E-1	6.087172E-2
0.040750	-2.426692E-1	3.791257E-1	6.022476E-2
0.040813	-2.527109E-1	3.641048E-1	6.151868E-2
0.040875	-2.677735E-1	3.390699E-1	6.087172E-2
0.040938	-2.778152E-1	3.090281E-1	6.151868E-2
0.041000	-2.853464E-1	2.965106E-1	6.216564E-2
0.041063	-3.004090E-1	2.915036E-1	6.216564E-2
0.041125	-3.079403E-1	2.639653E-1	6.216564E-2
0.041188	-3.204924E-1	2.264130E-1	6.345955E-2
0.041250	-3.255133E-1	1.963711E-1	6.410651E-2
0.041313	-3.255133E-1	1.713363E-1	6.410651E-2
0.041375	-3.305341E-1	1.162595E-1	6.345955E-2
0.041438	-3.380654E-1	6.869329E-2	6.216564E-2
0.041500	-3.405758E-1	2.863750E-2	6.216564E-2
0.041563	-3.330445E-1	3.602626E-3	6.216564E-2
0.041625	-3.355550E-1	-2.894271E-2	6.216564E-2
0.041688	-3.330445E-1	-7.150199E-2	6.151868E-2
0.041750	-3.305341E-1	-1.040473E-1	5.957781E-2
0.041813	-3.280237E-1	-1.240752E-1	6.022476E-2
0.041875	-3.230028E-1	-1.591240E-1	6.087172E-2
0.041938	-3.230028E-1	-1.991798E-1	6.022476E-2
0.042000	-3.154716E-1	-2.367321E-1	6.216564E-2
0.042063	-3.029194E-1	-2.567600E-1	6.281260E-2
0.042125	-3.004090E-1	-2.842984E-1	6.216564E-2
0.042188	-2.853464E-1	-3.368716E-1	6.216564E-2
0.042250	-2.753047E-1	-3.719204E-1	6.475347E-2
0.042313	-2.627526E-1	-3.919483E-1	6.410651E-2
0.042375	-2.401588E-1	-4.169832E-1	6.475347E-2
0.042438	-2.276067E-1	-4.645495E-1	6.345955E-2
0.042500	-2.125441E-1	-4.995983E-1	6.216564E-2
0.042563	-1.924607E-1	-5.246332E-1	6.216564E-2
0.042625	-1.698669E-1	-5.471645E-1	6.216564E-2
0.042688	-1.497835E-1	-5.797099E-1	6.216564E-2
0.042750	-1.322105E-1	-6.197657E-1	6.216564E-2
0.042813	-1.121271E-1	-6.473040E-1	6.087172E-2
0.042875	-9.204367E-2	-6.698354E-1	6.022476E-2
0.042938	-7.196027E-2	-7.148982E-1	6.087172E-2
0.043000	-5.438729E-2	-7.749819E-1	6.022476E-2
0.043063	-3.430388E-2	-8.400725E-1	6.216564E-2
0.043125	-1.422048E-2	-9.527295E-1	6.281260E-2
0.043188	8.420790E-4	-1.180547E+0	6.216564E-2
0.043250	2.092548E-2	-1.613650E+0	6.216564E-2
0.043313	4.100889E-2	-2.066781E+0	6.410651E-2
0.043375	6.109230E-2	-2.091816E+0	6.410651E-2
0.043438	8.117570E-2	-1.721300E+0	6.475347E-2
0.043500	1.037695E-1	-1.288197E+0	6.345955E-2
0.043563	1.188321E-1	-1.007806E+0	6.410651E-2
0.043625	1.389155E-1	-8.200446E-1	6.216564E-2
0.043688	1.539780E-1	-6.998773E-1	6.216564E-2
0.043750	1.715510E-1	-6.222692E-1	6.281260E-2
0.043813	1.866136E-1	-5.521715E-1	6.216564E-2
0.043875	2.016761E-1	-4.820739E-1	6.087172E-2
0.043938	2.117178E-1	-4.370111E-1	6.022476E-2
0.044000	2.192491E-1	-4.119762E-1	5.957781E-2
0.044063	2.292908E-1	-3.794309E-1	6.087172E-2
0.044125	2.418429E-1	-3.418786E-1	6.281260E-2
0.044188	2.518846E-1	-3.168437E-1	6.281260E-2
0.044250	2.594159E-1	-2.993193E-1	6.216564E-2
0.044313	2.719681E-1	-2.893054E-1	6.216564E-2
0.044375	2.744785E-1	-2.717810E-1	6.216564E-2
0.044438	2.870306E-1	-2.492496E-1	6.410651E-2
0.044500	2.895410E-1	-2.417391E-1	6.345955E-2
0.044563	3.071140E-1	-2.392356E-1	6.345955E-2
0.044625	3.146453E-1	-2.091938E-1	6.410651E-2
0.044688	3.221766E-1	-1.616275E-1	6.216564E-2
0.044750	3.246870E-1	-1.290822E-1	6.216564E-2
0.044813	3.322183E-1	-9.653686E-2	6.281260E-2
0.044875	3.372391E-1	-4.396363E-2	6.216564E-2
0.044938	3.397495E-1	3.602626E-3	6.216564E-2
0.045000	3.372391E-1	4.115493E-2	6.087172E-2
0.045063	3.347287E-1	6.368632E-2	6.022476E-2
0.045125	3.297078E-1	9.623165E-2	6.087172E-2
0.045188	3.246870E-1	1.563153E-1	6.022476E-2
0.045250	3.221766E-1	1.788467E-1	6.281260E-2
0.045313	3.121349E-1	1.988746E-1	6.281260E-2
0.045375	2.945619E-1	2.314200E-1	6.216564E-2
0.045438	2.895410E-1	2.764827E-1	6.216564E-2
0.045500	2.794993E-1	3.065246E-1	6.345955E-2
0.045563	2.694576E-1	3.265525E-1	6.345955E-2
0.045625	2.594159E-1	3.565943E-1	6.345955E-2
0.045688	2.468638E-1	4.016571E-1	6.410651E-2
0.045750	2.318012E-1	4.266920E-1	6.216564E-2
0.045813	2.142283E-1	4.492233E-1	6.151868E-2
0.045875	2.041866E-1	4.742582E-1	6.216564E-2
0.045938	1.891240E-1	5.143140E-1	6.151868E-2
0.046000	1.640197E-1	5.618803E-1	6.087172E-2
0.046063	1.489572E-1	5.919221E-1	5.957781E-2
0.046125	1.263634E-1	6.319779E-1	6.022476E-2
0.046188	1.012591E-1	6.745372E-1	5.957781E-2
0.046250	8.368613E-2	7.095860E-1	6.087172E-2
0.046313	6.109230E-2	7.396278E-1	6.216564E-2
0.046375	3.849846E-2	7.922011E-1	6.151868E-2
0.046438	1.339421E-2	8.923406E-1	6.151868E-2
0.046500	-6.689198E-3	1.072592E+0	6.281260E-2
0.046563	-2.677260E-2	1.403052E+0	6.410651E-2
0.046625	-4.685601E-2	1.926281E+0	6.345955E-2
0.046688	-6.944984E-2	2.201664E+0	6.410651E-2
0.046750	-8.451239E-2	1.981357E+0	6.410651E-2
0.046813	-1.020854E-1	1.468143E+0	6.345955E-2
0.046875	-1.196584E-1	1.110144E+0	6.281260E-2
0.046938	-1.372313E-1	8.948440E-1	6.281260E-2
0.047000	-1.422522E-1	7.596557E-1	6.281260E-2
0.047063	-1.598252E-1	6.595163E-1	6.216564E-2
0.047125	-1.824190E-1	5.743977E-1	6.087172E-2
0.047188	-1.849294E-1	5.118105E-1	6.022476E-2
0.047250	-2.100337E-1	4.767617E-1	6.087172E-2
0.047313	-2.200754E-1	4.542303E-1	6.151868E-2
0.047375	-2.376484E-1	4.066641E-1	6.216564E-2
0.047438	-2.502005E-1	3.766222E-1	6.281260E-2
0.047500	-2.652630E-1	3.666083E-1	6.281260E-2
0.047563	-2.778152E-1	3.440769E-1	6.216564E-2
0.047625	-2.853464E-1	2.990141E-1	6.216564E-2
0.047688	-2.978986E-1	2.789862E-1	6.410651E-2
0.047750	-3.129611E-1	2.714757E-1	6.475347E-2
0.047813	-3.129611E-1	2.639653E-1	6.475347E-2
0.047875	-3.154716E-1	2.138955E-1	6.475347E-2
0.047938	-3.230028E-1	1.638258E-1	6.216564E-2
0.048000	-3.330445E-1	1.337840E-1	6.151868E-2
0.048063	-3.230028E-1	1.087491E-1	6.281260E-2
0.048125	-3.305341E-1	6.618980E-2	6.216564E-2
0.048188	-3.355550E-1	2.112704E-2	6.151868E-2
0.048250	-3.330445E-1	-3.907835E-3	6.087172E-2
0.048313	-3.405758E-1	-2.894271E-2	6.022476E-2
0.048375	-3.355550E-1	-6.399153E-2	6.087172E-2
0.048438	-3.355550E-1	-1.140613E-1	6.216564E-2
0.048500	-3.305341E-1	-1.415996E-1	6.216564E-2
0.048563	-3.280237E-1	-1.641310E-1	6.281260E-2
0.048625	-3.230028E-1	-2.041868E-1	6.216564E-2
0.048688	-3.154716E-1	-2.567600E-1	6.216564E-2
0.048750	-3.054299E-1	-2.842984E-1	6.345955E-2
0.048813	-2.953881E-1	-3.018228E-1	6.410651E-2
0.048875	-2.753047E-1	-3.293612E-1	6.410651E-2
0.048938	-2.652630E-1	-3.844379E-1	6.410651E-2
0.049000	-2.527109E-1	-4.144797E-1	6.216564E-2
0.049063	-2.326275E-1	-4.320041E-1	6.281260E-2
0.049125	-2.125441E-1	-4.620460E-1	6.216564E-2
0.049188	-1.999920E-1	-5.021018E-1	6.216564E-2
0.049250	-1.773981E-1	-5.346471E-1	6.087172E-2
0.049313	-1.598252E-1	-5.496680E-1	6.087172E-2
0.049375	-1.497835E-1	-5.797099E-1	6.087172E-2
0.049438	-1.297001E-1	-6.172622E-1	6.087172E-2
0.049500	-1.071062E-1	-6.548145E-1	6.216564E-2
0.049563	-8.702282E-2	-6.848563E-1	6.281260E-2
0.049625	-7.447069E-2	-7.224086E-1	6.216564E-2
0.049688	-5.438729E-2	-7.975133E-1	6.216564E-2
0.049750	-3.179345E-2	-8.851353E-1	6.216564E-2
0.049813	-1.171005E-2	-1.025331E+0	6.410651E-2
0.049875	8.373356E-3	-1.310728E+0	6.410651E-2
0.049938	3.849846E-2	-1.828950E+0	6.410651E-2
0.050000	5.607144E-2	-2.201970E+0	6.410651E-2
0.050063	7.615485E-2	-2.069285E+0	6.216564E-2
0.050125	9.372783E-2	-1.566084E+0	6.216564E-2
0.050188	1.213425E-1	-1.183050E+0	6.216564E-2
0.050250	1.338946E-1	-9.377085E-1	6.151868E-2
0.050313	1.489572E-1	-7.799888E-1	6.151868E-2
0.050375	1.690406E-1	-6.648284E-1	6.087172E-2
0.050438	1.765719E-1	-5.847169E-1	6.087172E-2
0.050500	1.916344E-1	-5.221297E-1	6.151868E-2
0.050563	2.041866E-1	-4.745634E-1	6.216564E-2
0.050625	2.192491E-1	-4.244937E-1	6.216564E-2
0.050688	2.217595E-1	-3.894449E-1	6.281260E-2
0.050750	2.318012E-1	-3.819344E-1	6.281260E-2
0.050813	2.468638E-1	-3.518925E-1	6.475347E-2
0.050875	2.569055E-1	-3.168437E-1	6.345955E-2
0.050938	2.669472E-1	-2.993193E-1	6.345955E-2
0.051000	2.794993E-1	-2.968158E-1	6.410651E-2
0.051063	2.895410E-1	-2.842984E-1	6.410651E-2
0.051125	3.046036E-1	-2.542565E-1	6.281260E-2
0.051188	3.096244E-1	-2.367321E-1	6.151868E-2
0.051250	3.221766E-1	-2.342287E-1	6.216564E-2
0.051313	3.297078E-1	-1.891659E-1	6.216564E-2
0.051375	3.372391E-1	-1.340892E-1	6.151868E-2
0.051438	3.422600E-1	-9.403337E-2	6.087172E-2
0.051500	3.372391E-1	-6.649501E-2	6.087172E-2
0.051563	3.422600E-1	-2.894271E-2	6.087172E-2
0.051625	3.422600E-1	2.112704E-2	6.216564E-2
0.051688	3.397495E-1	6.368632E-2	6.216564E-2
0.051750	3.297078E-1	8.872119E-2	6.216564E-2
0.051813	3.297078E-1	1.112526E-1	6.216564E-2
0.051875	3.271974E-1	1.538119E-1	6.410651E-2
0.051938	3.196661E-1	1.988746E-1	6.410651E-2
0.052000	3.096244E-1	2.189025E-1	6.345955E-2
0.052063	3.096244E-1	2.464409E-1	6.345955E-2
0.052125	2.945619E-1	2.814897E-1	6.410651E-2
0.052188	2.870306E-1	3.215455E-1	6.216564E-2
0.052250	2.744785E-1	3.490839E-1	6.216564E-2
0.052313	2.694576E-1	3.691117E-1	6.216564E-2
0.052375	2.518846E-1	4.116710E-1	6.216564E-2
0.052438	2.393325E-1	4.517268E-1	6.087172E-2
0.052500	2.217595E-1	4.742582E-1	6.087172E-2
0.052563	1.991657E-1	4.942861E-1	6.087172E-2
0.052625	1.765719E-1	6.169570E-1	5.957781E-2
0.052688	1.615093E-1	5.919221E-1	6.216564E-2
0.052750	1.464468E-1	6.194605E-1	6.216564E-2
0.052813	1.163217E-1	6.419918E-1	6.216564E-2
0.052875	9.121740E-2	6.720337E-1	6.216564E-2
0.052938	7.866527E-2	7.145930E-1	6.345955E-2
0.053000	5.607144E-2	7.571523E-1	6.410651E-2
0.053063	3.096719E-2	8.072220E-1	6.410651E-2
0.053125	1.590463E-2	9.123685E-1	6.410651E-2
0.053188	-4.178772E-3	1.130172E+0	6.345955E-2
0.053250	-2.175175E-2	1.543247E+0	6.281260E-2
0.053313	-4.434558E-2	2.018910E+0	6.151868E-2
0.053375	-5.689771E-2	2.124056E+0	6.151868E-2
0.053438	-7.698112E-2	1.831148E+0	6.216564E-2
0.053500	-9.706452E-2	1.370507E+0	6.087172E-2
0.053563	-1.121271E-1	1.050060E+0	6.087172E-2
0.053625	-1.372313E-1	8.497813E-1	6.087172E-2
0.053688	-1.522939E-1	7.321174E-1	6.022476E-2
0.053750	-1.648460E-1	6.419918E-1	6.216564E-2
0.053813	-1.799086E-1	5.643837E-1	6.216564E-2
0.053875	-1.999920E-1	5.017966E-1	6.216564E-2
0.053938	-2.100337E-1	4.592373E-1	6.281260E-2
0.054000	-2.250962E-1	4.241885E-1	6.410651E-2
0.054063	-2.376484E-1	3.816292E-1	6.410651E-2
0.054125	-2.451796E-1	3.490839E-1	6.410651E-2
0.054188	-2.527109E-1	3.265525E-1	6.345955E-2
0.054250	-2.627526E-1	3.140350E-1	6.216564E-2
0.054313	-2.727943E-1	2.915036E-1	6.216564E-2
0.054375	-2.778152E-1	2.614618E-1	6.216564E-2
0.054438	-2.853464E-1	2.539513E-1	6.151868E-2
0.054500	-2.928777E-1	2.539513E-1	6.281260E-2
0.054563	-3.004090E-1	2.389304E-1	6.151868E-2
0.054625	-3.079403E-1	1.863572E-1	6.151868E-2
0.054688	-3.255133E-1	1.463014E-1	6.151868E-2
0.054750	-3.255133E-1	1.162595E-1	6.151868E-2
0.054813	-3.305341E-1	7.620375E-2	6.281260E-2
0.054875	-3.430862E-1	2.112704E-2	6.216564E-2
0.054938	-3.405758E-1	-1.892876E-2	6.216564E-2
0.055000	-3.355550E-1	-4.396363E-2	6.281260E-2
0.055063	-3.355550E-1	-7.901245E-2	6.410651E-2
0.055125	-3.330445E-1	-1.215717E-1	6.410651E-2
0.055188	-3.230028E-1	-1.616275E-1	6.410651E-2
0.055250	-3.154716E-1	-1.891659E-1	6.475347E-2
0.055313	-3.104507E-1	-2.142008E-1	6.216564E-2
0.055375	-3.079403E-1	-2.592635E-1	6.151868E-2
0.055438	-2.878569E-1	-2.943123E-1	6.216564E-2
0.055500	-2.753047E-1	-3.118368E-1	6.345955E-2
0.055563	-2.627526E-1	-3.368716E-1	6.281260E-2
0.055625	-2.502005E-1	-3.819344E-1	6.022476E-2
0.055688	-2.451796E-1	-4.219902E-1	6.022476E-2
0.055750	-2.301171E-1	-4.445216E-1	6.087172E-2
0.055813	-2.125441E-1	-4.570390E-1	6.087172E-2
0.055875	-1.949711E-1	-4.970948E-1	6.216564E-2
0.055938	-1.799086E-1	-5.371506E-1	6.216564E-2
0.056000	-1.673564E-1	-5.571785E-1	6.216564E-2
0.056063	-1.472730E-1	-5.847169E-1	6.216564E-2
0.056125	-1.322105E-1	-6.272761E-1	6.410651E-2
0.056188	-1.121271E-1	-6.748424E-1	6.410651E-2
0.056250	-8.451239E-2	-7.098912E-1	6.345955E-2
0.056313	-5.940814E-2	-7.474435E-1	6.345955E-2
0.056375	-4.434558E-2	-8.175412E-1	6.281260E-2
0.056438	-2.677260E-2	-9.327016E-1	6.087172E-2
0.056500	-1.668347E-3	-1.142994E+0	6.216564E-2
0.056563	2.845676E-2	-1.495986E+0	6.281260E-2
0.056625	4.854017E-2	-2.004194E+0	6.216564E-2
0.056688	6.611315E-2	-2.171928E+0	6.151868E-2
0.056750	8.870698E-2	-1.881523E+0	6.087172E-2
0.056813	1.012591E-1	-1.388336E+0	6.087172E-2
0.056875	1.188321E-1	-1.050365E+0	6.087172E-2
0.056938	1.338946E-1	-8.626039E-1	6.281260E-2
0.057000	1.439363E-1	-7.399331E-1	6.216564E-2
0.057063	1.615093E-1	-6.297796E-1	6.216564E-2
0.057125	1.740615E-1	-5.596820E-1	6.345955E-2
0.057188	1.866136E-1	-5.096122E-1	6.345955E-2
0.057250	1.991657E-1	-4.770669E-1	6.410651E-2
0.057313	2.167387E-1	-4.295006E-1	6.410651E-2
0.057375	2.343117E-1	-3.894449E-1	6.345955E-2
0.057438	2.418429E-1	-3.819344E-1	6.345955E-2
0.057500	2.543951E-1	-3.594030E-1	6.216564E-2
0.057563	2.619263E-1	-3.293612E-1	6.281260E-2
0.057625	2.845202E-1	-2.993193E-1	6.216564E-2
0.057688	2.895410E-1	-2.868019E-1	6.216564E-2
0.057750	2.970723E-1	-2.767879E-1	6.087172E-2
0.057813	3.121349E-1	-2.542565E-1	6.022476E-2
0.057875	3.146453E-1	-2.342287E-1	6.087172E-2
0.057938	3.196661E-1	-2.041868E-1	6.087172E-2
0.058000	3.271974E-1	-1.766484E-1	5.957781E-2
0.058063	3.297078E-1	-1.240752E-1	6.216564E-2
0.058125	3.372391E-1	-6.899850E-2	6.216564E-2
0.058188	3.372391E-1	-3.394968E-2	6.216564E-2
0.058250	3.322183E-1	-1.642527E-2	6.216564E-2
0.058313	3.372391E-1	2.613401E-2	6.410651E-2
0.058375	3.372391E-1	7.119678E-2	6.410651E-2
0.058438	3.397495E-1	1.062456E-1	6.345955E-2
0.058500	3.322183E-1	1.187630E-1	6.345955E-2
0.058563	3.297078E-1	1.488049E-1	6.151868E-2
0.058625	3.221766E-1	1.988746E-1	6.216564E-2
0.058688	3.196661E-1	2.389304E-1	6.281260E-2
0.058750	3.096244E-1	2.614618E-1	6.151868E-2
0.058813	3.020932E-1	2.915036E-1	6.022476E-2
0.058875	2.895410E-1	3.365664E-1	6.087172E-2
0.058938	2.694576E-1	3.691117E-1	6.087172E-2
0.059000	2.569055E-1	3.916431E-1	6.022476E-2
0.059063	2.418429E-1	4.241885E-1	6.216564E-2
0.059125	2.267804E-1	4.617408E-1	6.151868E-2
0.059188	2.092074E-1	4.967896E-1	6.216564E-2
0.059250	1.866136E-1	5.118105E-1	6.216564E-2
0.059313	1.690406E-1	6.520058E-1	6.216564E-2
0.059375	1.464468E-1	6.219639E-1	6.281260E-2
0.059438	1.313842E-1	6.319779E-1	6.345955E-2
0.059500	1.138112E-1	6.545093E-1	6.345955E-2
0.059563	9.121740E-2	6.670267E-1	6.281260E-2
0.059625	7.113400E-2	7.120895E-1	6.281260E-2
0.059688	5.356102E-2	7.671662E-1	6.216564E-2
0.059750	3.598804E-2	8.297534E-1	6.281260E-2
0.059813	1.339421E-2	9.574312E-1	6.216564E-2
0.059875	-4.178772E-3	1.225304E+0	6.022476E-2
0.059938	-2.677260E-2	1.736016E+0	5.957781E-2
0.060000	-5.438729E-2	2.181636E+0	6.087172E-2
0.060063	-7.196027E-2	2.149091E+0	6.151868E-2
0.060125	-9.204367E-2	1.693456E+0	6.151868E-2
0.060188	-1.096167E-1	1.265360E+0	6.216564E-2
0.060250	-1.322105E-1	9.949835E-1	6.151868E-2
0.060313	-1.497835E-1	8.072220E-1	6.281260E-2
0.060375	-1.673564E-1	6.870546E-1	6.345955E-2
0.060438	-1.773981E-1	6.194605E-1	6.410651E-2
0.060500	-1.949711E-1	5.568733E-1	6.345955E-2
0.060563	-2.075233E-1	4.867756E-1	6.281260E-2
0.060625	-2.175650E-1	4.417129E-1	6.410651E-2
0.060688	-2.326275E-1	4.141745E-1	6.216564E-2
0.060750	-2.426692E-1	3.866362E-1	6.216564E-2
0.060813	-2.502005E-1	3.490839E-1	6.216564E-2
0.060875	-2.602422E-1	3.240490E-1	6.216564E-2
0.060938	-2.727943E-1	3.140350E-1	6.087172E-2
0.061000	-2.803256E-1	3.040211E-1	6.087172E-2
0.061063	-2.928777E-1	2.764827E-1	6.022476E-2
0.061125	-3.029194E-1	2.614618E-1	6.087172E-2
0.061188	-3.104507E-1	2.414339E-1	6.216564E-2
0.061250	-3.204924E-1	2.113921E-1	6.216564E-2
0.061313	-3.330445E-1	1.688328E-1	6.216564E-2
0.061375	-3.355550E-1	1.112526E-1	6.216564E-2
0.061438	-3.430862E-1	8.121073E-2	6.216564E-2
0.061500	-3.430862E-1	4.866539E-2	6.345955E-2
0.061563	-3.455967E-1	6.106114E-3	6.281260E-2
0.061625	-3.405758E-1	-3.645317E-2	6.345955E-2
0.061688	-3.380654E-1	-7.400547E-2	6.410651E-2
0.061750	-3.355550E-1	-9.653686E-2	6.281260E-2
0.061813	-3.330445E-1	-1.340892E-1	6.281260E-2
0.061875	-3.230028E-1	-1.816554E-1	6.151868E-2
0.061938	-3.154716E-1	-2.041868E-1	6.216564E-2
0.062000	-3.079403E-1	-2.267182E-1	6.022476E-2
0.062063	-2.978986E-1	-2.617670E-1	6.087172E-2
0.062125	-2.903673E-1	-3.093333E-1	6.087172E-2
0.062188	-2.828360E-1	-3.318646E-1	6.087172E-2
0.062250	-2.677735E-1	-3.493891E-1	6.151868E-2
0.062313	-2.527109E-1	-3.794309E-1	6.216564E-2
0.062375	-2.476901E-1	-4.269972E-1	6.216564E-2
0.062438	-2.326275E-1	-4.595425E-1	6.216564E-2
0.062500	-2.150545E-1	-4.820739E-1	6.216564E-2
0.062563	-1.974815E-1	-5.071087E-1	6.345955E-2
0.062625	-1.799086E-1	-5.521715E-1	6.410651E-2
0.062688	-1.573147E-1	-5.847169E-1	6.410651E-2
0.062750	-1.372313E-1	-6.097517E-1	6.410651E-2
0.062813	-1.196584E-1	-6.397936E-1	6.281260E-2
0.062875	-9.706452E-2	-6.848563E-1	6.216564E-2
0.062937	-7.196027E-2	-7.324226E-1	6.216564E-2
0.063000	-4.936643E-2	-7.699749E-1	6.281260E-2
0.063062	-2.677260E-2	-8.350656E-1	6.022476E-2
0.063125	-9.199624E-3	-9.627434E-1	6.022476E-2
0.063187	1.088378E-2	-1.195568E+0	6.022476E-2
0.063250	2.845676E-2	-1.598629E+0	6.087172E-2
0.063312	4.854017E-2	-2.046753E+0	6.087172E-2
0.063375	6.611315E-2	-2.096823E+0	6.216564E-2
0.063437	8.368613E-2	-1.731314E+0	6.281260E-2
0.063500	9.623825E-2	-1.288197E+0	6.216564E-2
0.063562	1.163217E-1	-9.977922E-1	6.281260E-2
0.063625	1.313842E-1	-8.250516E-1	6.410651E-2
0.063687	1.439363E-1	-7.073877E-1	6.345955E-2
0.063750	1.665302E-1	-6.147587E-1	6.345955E-2
0.063812	1.815927E-1	-5.421576E-1	6.410651E-2
0.063875	1.916344E-1	-4.920878E-1	6.216564E-2
0.063937	2.041866E-1	-4.595425E-1	6.216564E-2
0.064000	2.217595E-1	-4.194867E-1	6.216564E-2
0.064062	2.368221E-1	-3.694170E-1	6.216564E-2
0.064125	2.493742E-1	-3.468856E-1	6.087172E-2
0.064187	2.543951E-1	-3.343681E-1	5.957781E-2
0.064250	2.619263E-1	-3.143402E-1	6.151868E-2
0.064312	2.719681E-1	-2.792914E-1	6.022476E-2
0.064375	2.794993E-1	-2.567600E-1	6.087172E-2
0.064437	2.845202E-1	-2.567600E-1	6.151868E-2
0.064500	2.970723E-1	-2.467461E-1	6.151868E-2
0.064562	3.020932E-1	-2.242147E-1	6.151868E-2
0.064625	3.096244E-1	-1.941729E-1	6.216564E-2
0.064687	3.146453E-1	-1.716415E-1	6.345955E-2
0.064750	3.146453E-1	-1.365927E-1	6.345955E-2
0.064812	3.271974E-1	-8.151594E-2	6.345955E-2
0.064875	3.322183E-1	-4.396363E-2	6.345955E-2
0.064937	3.322183E-1	-8.914809E-3	6.151868E-2
0.065000	3.297078E-1	2.112704E-2	6.216564E-2
0.065062	3.397495E-1	6.118283E-2	6.216564E-2
0.065125	3.372391E-1	1.112526E-1	6.281260E-2
0.065187	3.297078E-1	1.412944E-1	6.022476E-2
0.065250	3.271974E-1	1.613223E-1	6.151868E-2
0.065312	3.146453E-1	2.013781E-1	6.087172E-2
0.065375	3.071140E-1	2.514479E-1	6.087172E-2
0.065437	2.970723E-1	2.789862E-1	6.281260E-2
0.065500	2.820098E-1	2.990141E-1	6.151868E-2
0.065562	2.744785E-1	3.365664E-1	6.216564E-2
0.065625	2.518846E-1	3.791257E-1	6.216564E-2
0.065687	2.393325E-1	3.991536E-1	6.216564E-2
0.065750	2.242700E-1	4.216850E-1	6.410651E-2
0.065812	2.092074E-1	4.492233E-1	6.410651E-2
0.065875	1.991657E-1	4.992931E-1	6.475347E-2
0.065937	1.841032E-1	5.218245E-1	6.475347E-2
0.066000	1.615093E-1	4.291954E-1	6.216564E-2
0.066062	1.464468E-1	5.618803E-1	6.216564E-2
0.066125	1.313842E-1	6.294744E-1	6.345955E-2
0.066187	1.138112E-1	6.720337E-1	6.281260E-2
0.066250	8.870698E-2	6.895581E-1	6.151868E-2
0.066312	7.113400E-2	7.246069E-1	6.087172E-2
0.066375	4.351932E-2	7.947046E-1	6.151868E-2
0.066437	2.343591E-2	8.973475E-1	6.151868E-2
0.066500	-1.668347E-3	1.062578E+0	6.216564E-2
0.066562	-2.175175E-2	1.383024E+0	6.151868E-2
0.066625	-4.685601E-2	1.933791E+0	6.281260E-2
0.066687	-6.442899E-2	2.196657E+0	6.281260E-2
0.066750	-8.953325E-2	1.991371E+0	6.475347E-2
0.066812	-1.045958E-1	1.485667E+0	6.345955E-2
0.066875	-1.171479E-1	1.135179E+0	6.410651E-2
0.066937	-1.372313E-1	9.073615E-1	6.345955E-2
0.067000	-1.522939E-1	7.571523E-1	6.281260E-2
0.067062	-1.673564E-1	6.469988E-1	6.216564E-2
0.067125	-1.773981E-1	5.769012E-1	6.216564E-2
0.067187	-1.899503E-1	5.243280E-1	6.281260E-2
0.067250	-2.025024E-1	4.767617E-1	6.216564E-2
0.067312	-2.175650E-1	4.291954E-1	6.087172E-2
0.067375	-2.301171E-1	4.016571E-1	6.022476E-2
0.067437	-2.451796E-1	3.816292E-1	6.087172E-2
0.067500	-2.577318E-1	3.565943E-1	6.087172E-2
0.067562	-2.702839E-1	3.340629E-1	6.281260E-2
0.067625	-2.803256E-1	3.115315E-1	6.216564E-2
0.067687	-2.928777E-1	3.090281E-1	6.281260E-2
0.067750	-3.054299E-1	2.789862E-1	6.345955E-2
0.067812	-3.129611E-1	2.564548E-1	6.345955E-2
0.067875	-3.230028E-1	2.189025E-1	6.345955E-2
0.067937	-3.230028E-1	1.963711E-1	6.410651E-2
0.068000	-3.280237E-1	1.488049E-1	6.410651E-2
0.068062	-3.355550E-1	9.873514E-2	6.151868E-2
0.068125	-3.380654E-1	6.118283E-2	6.216564E-2
0.068187	-3.330445E-1	2.363052E-2	6.151868E-2
0.068250	-3.330445E-1	-3.907835E-3	6.281260E-2
0.068312	-3.305341E-1	-4.646712E-2	6.087172E-2
0.068375	-3.280237E-1	-8.902640E-2	6.087172E-2
0.068437	-3.330445E-1	-1.090543E-1	6.087172E-2
0.068500	-3.330445E-1	-1.340892E-1	6.151868E-2
0.068562	-3.255133E-1	-1.791519E-1	6.281260E-2
0.068625	-3.179820E-1	-2.192077E-1	6.151868E-2
0.068687	-3.129611E-1	-2.392356E-1	6.281260E-2
0.068750	-3.054299E-1	-2.692775E-1	6.281260E-2
0.068812	-2.953881E-1	-3.118368E-1	6.410651E-2
0.068875	-2.853464E-1	-3.543960E-1	6.410651E-2
0.068937	-2.627526E-1	-3.744239E-1	6.345955E-2
0.069000	-2.502005E-1	-3.994588E-1	6.345955E-2
0.069062	-2.351379E-1	-4.370111E-1	6.216564E-2
0.069125	-2.225858E-1	-4.770669E-1	6.281260E-2
0.069187	-1.974815E-1	-5.046053E-1	6.216564E-2
0.069250	-1.799086E-1	-5.196262E-1	6.216564E-2
0.069312	-1.623356E-1	-5.521715E-1	6.087172E-2
0.069375	-1.447626E-1	-5.947308E-1	6.022476E-2
0.069437	-1.221688E-1	-6.222692E-1	6.087172E-2
0.069500	-1.071062E-1	-6.448005E-1	6.087172E-2
0.069562	-9.204367E-2	-6.748424E-1	6.022476E-2
0.069625	-7.447069E-2	-7.374296E-1	6.216564E-2
0.069687	-4.936643E-2	-7.900028E-1	6.281260E-2
0.069750	-3.179345E-2	-8.626039E-1	6.281260E-2
0.069812	-1.171005E-2	-1.015317E+0	6.216564E-2
0.069875	8.373356E-3	-1.315735E+0	6.345955E-2
0.069937	2.845676E-2	-1.823943E+0	6.345955E-2
0.070000	5.858187E-2	-2.181942E+0	6.410651E-2
0.070062	7.866527E-2	-2.066781E+0	6.410651E-2
0.070125	9.372783E-2	-1.581105E+0	6.281260E-2
0.070187	1.113008E-1	-1.195568E+0	6.216564E-2
0.070250	1.364051E-1	-9.427155E-1	6.216564E-2
0.070312	1.539780E-1	-7.774854E-1	6.216564E-2
0.070375	1.665302E-1	-6.748424E-1	6.087172E-2
0.070437	1.815927E-1	-5.997378E-1	6.087172E-2
0.070500	1.991657E-1	-5.271366E-1	6.087172E-2
0.070562	2.092074E-1	-4.745634E-1	6.151868E-2
0.070625	2.167387E-1	-4.345076E-1	6.151868E-2
0.070687	2.292908E-1	-4.069693E-1	6.281260E-2
0.070750	2.393325E-1	-3.669135E-1	6.216564E-2
0.070812	2.493742E-1	-3.293612E-1	6.345955E-2
0.070875	2.569055E-1	-3.243542E-1	6.281260E-2
0.070937	2.669472E-1	-3.193472E-1	6.345955E-2
0.071000	2.769889E-1	-2.893054E-1	6.410651E-2
0.071062	2.895410E-1	-2.617670E-1	6.345955E-2
0.071125	3.020932E-1	-2.592635E-1	6.410651E-2
0.071187	3.096244E-1	-2.567600E-1	6.216564E-2
0.071250	3.171557E-1	-2.367321E-1	6.216564E-2
0.071312	3.322183E-1	-1.816554E-1	6.216564E-2
0.071375	3.397495E-1	-1.415996E-1	6.216564E-2
0.071437	3.422600E-1	-1.115578E-1	6.022476E-2
0.071500	3.472808E-1	-6.649501E-2	6.151868E-2
0.071562	3.422600E-1	-1.892876E-2	6.151868E-2
0.071625	3.447704E-1	2.363052E-2	6.151868E-2
0.071687	3.397495E-1	4.616191E-2	6.087172E-2
0.071750	3.372391E-1	8.371421E-2	6.151868E-2
0.071812	3.297078E-1	1.287770E-1	6.281260E-2
0.071875	3.246870E-1	1.663293E-1	6.216564E-2
0.071937	3.171557E-1	1.788467E-1	6.216564E-2
0.072000	3.146453E-1	2.113921E-1	6.345955E-2
0.072062	3.046036E-1	2.589583E-1	6.345955E-2
0.072125	2.995827E-1	2.940071E-1	6.345955E-2
0.072187	2.895410E-1	3.090281E-1	6.345955E-2
0.072250	2.744785E-1	3.365664E-1	6.151868E-2
0.072312	2.644368E-1	3.791257E-1	6.216564E-2
0.072375	2.543951E-1	4.141745E-1	6.281260E-2
0.072437	2.393325E-1	4.392094E-1	6.281260E-2
0.072500	2.217595E-1	4.617408E-1	6.151868E-2
0.072562	2.041866E-1	6.219639E-1	6.087172E-2
0.072625	1.866136E-1	6.595163E-1	6.087172E-2
0.072687	1.615093E-1	6.244674E-1	6.022476E-2
0.072750	1.389155E-1	6.119500E-1	6.216564E-2
0.072812	1.188321E-1	6.394884E-1	6.216564E-2
0.072875	9.623825E-2	6.820476E-1	6.216564E-2
0.072937	7.615485E-2	7.045790E-1	6.216564E-2
0.073000	5.356102E-2	7.396278E-1	6.345955E-2
0.073062	3.096719E-2	8.072220E-1	6.410651E-2
0.073125	1.088378E-2	9.248859E-1	6.410651E-2
0.073187	-4.178772E-3	1.132675E+0	6.345955E-2
0.073250	-2.426218E-2	1.528226E+0	6.410651E-2
0.073312	-4.434558E-2	2.013903E+0	6.216564E-2
0.073375	-6.442899E-2	2.141581E+0	6.216564E-2
0.073437	-7.447069E-2	1.831148E+0	6.216564E-2
0.073500	-9.204367E-2	1.357989E+0	6.281260E-2
0.073562	-1.121271E-1	1.045053E+0	6.087172E-2
0.073625	-1.271896E-1	8.572917E-1	6.087172E-2
0.073687	-1.472730E-1	7.271104E-1	6.087172E-2
0.073750	-1.673564E-1	6.294744E-1	6.087172E-2
0.073812	-1.799086E-1	5.568733E-1	6.216564E-2
0.073875	-1.924607E-1	5.118105E-1	6.151868E-2
0.073937	-2.050128E-1	4.717547E-1	6.216564E-2
0.074000	-2.225858E-1	4.241885E-1	6.216564E-2
0.074062	-2.326275E-1	3.816292E-1	6.216564E-2
0.074125	-2.476901E-1	3.616013E-1	6.345955E-2
0.074187	-2.627526E-1	3.415734E-1	6.475347E-2
0.074250	-2.652630E-1	3.140350E-1	6.410651E-2
0.074312	-2.727943E-1	2.814897E-1	6.345955E-2
0.074375	-2.828360E-1	2.739792E-1	6.216564E-2
0.074437	-2.928777E-1	2.664688E-1	6.281260E-2
0.074500	-2.978986E-1	2.389304E-1	6.216564E-2
0.074562	-3.079403E-1	2.189025E-1	6.216564E-2
0.074625	-3.104507E-1	1.888607E-1	6.022476E-2
0.074687	-3.179820E-1	1.563153E-1	6.087172E-2
0.074750	-3.255133E-1	1.062456E-1	6.151868E-2
0.074812	-3.330445E-1	6.618980E-2	6.087172E-2
0.074875	-3.355550E-1	3.114098E-2	6.087172E-2
0.074937	-3.355550E-1	3.602626E-3	6.151868E-2
0.075000	-3.305341E-1	-3.645317E-2	6.216564E-2
0.075062	-3.380654E-1	-8.902640E-2	6.216564E-2
0.075125	-3.330445E-1	-1.240752E-1	6.281260E-2
0.075187	-3.330445E-1	-1.390961E-1	6.410651E-2
0.075250	-3.230028E-1	-1.816554E-1	6.410651E-2
0.075312	-3.129611E-1	-2.242147E-1	6.345955E-2
0.075375	-3.054299E-1	-2.617670E-1	6.345955E-2
0.075437	-2.953881E-1	-2.817949E-1	6.281260E-2
0.075500	-2.853464E-1	-3.118368E-1	6.216564E-2
0.075562	-2.677735E-1	-3.619065E-1	6.281260E-2
0.075625	-2.527109E-1	-3.844379E-1	6.216564E-2
0.075687	-2.401588E-1	-4.094728E-1	6.151868E-2
0.075750	-2.250962E-1	-4.345076E-1	6.087172E-2
0.075812	-2.175650E-1	-4.795704E-1	6.087172E-2
0.075875	-1.974815E-1	-5.096122E-1	6.087172E-2
0.075937	-1.773981E-1	-5.271366E-1	6.281260E-2
0.076000	-1.598252E-1	-5.496680E-1	6.216564E-2
0.076062	-1.497835E-1	-5.922273E-1	6.216564E-2
0.076125	-1.297001E-1	-6.322831E-1	6.216564E-2
0.076187	-1.146375E-1	-6.623250E-1	6.410651E-2
0.076250	-9.455410E-2	-6.973738E-1	6.410651E-2
0.076312	-6.693941E-2	-7.499470E-1	6.410651E-2
0.076375	-4.183516E-2	-8.150377E-1	6.345955E-2
0.076437	-2.175175E-2	-9.226876E-1	6.475347E-2
0.076500	-1.668347E-3	-1.120463E+0	6.345955E-2
0.076562	1.841506E-2	-1.485972E+0	6.216564E-2
0.076625	4.854017E-2	-2.006698E+0	6.151868E-2
0.076687	6.611315E-2	-2.166921E+0	6.281260E-2
0.076750	8.870698E-2	-1.874013E+0	6.087172E-2
0.076812	1.062800E-1	-1.395847E+0	6.087172E-2
0.076875	1.087904E-1	-1.080407E+0	5.957781E-2
0.076937	1.313842E-1	-8.626039E-1	6.087172E-2
0.077000	1.489572E-1	-7.224086E-1	6.281260E-2
0.077062	1.640197E-1	-6.272761E-1	6.281260E-2
0.077125	1.790823E-1	-5.671924E-1	6.216564E-2
0.077187	1.866136E-1	-5.071087E-1	6.216564E-2
0.077250	2.016761E-1	-4.595425E-1	6.281260E-2
0.077312	2.092074E-1	-4.219902E-1	6.475347E-2
0.077375	2.217595E-1	-4.019623E-1	6.345955E-2
0.077437	2.443534E-1	-3.719204E-1	6.345955E-2
0.077500	2.594159E-1	-3.443821E-1	6.410651E-2
0.077562	2.669472E-1	-3.268577E-1	6.216564E-2
0.077625	2.744785E-1	-3.168437E-1	6.281260E-2
0.077687	2.920515E-1	-2.993193E-1	6.281260E-2
0.077750	3.046036E-1	-2.742844E-1	6.216564E-2
0.077812	3.096244E-1	-2.517531E-1	6.216564E-2
0.077875	3.171557E-1	-2.492496E-1	5.957781E-2
0.077937	3.246870E-1	-2.192077E-1	6.022476E-2
0.078000	3.297078E-1	-1.691380E-1	6.087172E-2
0.078062	3.297078E-1	-1.115578E-1	5.957781E-2
0.078125	3.372391E-1	-8.151594E-2	6.216564E-2
0.078187	3.372391E-1	-5.147409E-2	6.216564E-2
0.078250	3.347287E-1	-1.404348E-3	6.216564E-2
0.078312	3.422600E-1	4.365842E-2	6.345955E-2
0.078375	3.347287E-1	6.618980E-2	6.345955E-2
0.078437	3.322183E-1	8.872119E-2	6.281260E-2
0.078500	3.297078E-1	1.262735E-1	6.410651E-2
0.078562	3.297078E-1	1.713363E-1	6.410651E-2
0.078625	3.246870E-1	1.963711E-1	6.410651E-2
0.078687	3.146453E-1	2.163990E-1	6.216564E-2
0.078750	3.046036E-1	2.514479E-1	6.216564E-2
0.078812	3.020932E-1	2.990141E-1	6.216564E-2
0.078875	2.920515E-1	3.340629E-1	6.216564E-2
0.078937	2.769889E-1	3.515873E-1	6.087172E-2
0.079000	2.644368E-1	3.891396E-1	6.022476E-2
0.079062	2.443534E-1	4.342024E-1	6.087172E-2
0.079125	2.318012E-1	4.692512E-1	6.151868E-2
0.079187	2.092074E-1	4.817687E-1	6.281260E-2
0.079250	1.941449E-1	5.168175E-1	6.216564E-2
0.079312	1.815927E-1	4.967896E-1	6.281260E-2
0.079375	1.514676E-1	6.194605E-1	6.216564E-2
0.079437	1.288738E-1	6.419918E-1	6.151868E-2
0.079500	1.113008E-1	6.520058E-1	6.345955E-2
0.079562	8.870698E-2	6.870546E-1	6.410651E-2
0.079625	7.113400E-2	7.195999E-1	6.345955E-2
0.079687	5.105059E-2	7.546488E-1	6.345955E-2
0.079750	2.845676E-2	8.197394E-1	6.216564E-2
0.079812	8.373356E-3	9.599347E-1	6.216564E-2
0.079875	-4.178772E-3	1.217794E+0	6.281260E-2
0.079937	-2.677260E-2	1.713484E+0	6.216564E-2
0.080000	-4.685601E-2	2.166616E+0	6.087172E-2
0.080062	-6.693941E-2	2.151595E+0	6.022476E-2
0.080125	-8.451239E-2	1.713484E+0	6.087172E-2
0.080187	-1.096167E-1	1.262857E+0	6.022476E-2
0.080250	-1.297001E-1	9.874731E-1	6.022476E-2
0.080312	-1.422522E-1	8.222429E-1	6.281260E-2
0.080375	-1.598252E-1	7.095860E-1	6.281260E-2
0.080437	-1.799086E-1	6.194605E-1	6.216564E-2
0.080500	-1.924607E-1	5.418524E-1	6.151868E-2
0.080562	-2.075233E-1	4.917826E-1	6.410651E-2
0.080625	-2.175650E-1	4.592373E-1	6.410651E-2
0.080687	-2.250962E-1	4.191815E-1	6.345955E-2
0.080750	-2.426692E-1	3.816292E-1	6.345955E-2
0.080812	-2.527109E-1	3.490839E-1	6.410651E-2
0.080875	-2.602422E-1	3.340629E-1	6.281260E-2
0.080937	-2.727943E-1	3.165385E-1	6.216564E-2
0.081000	-2.778152E-1	2.839932E-1	6.216564E-2
0.081062	-2.903673E-1	2.764827E-1	6.151868E-2
0.081125	-2.978986E-1	2.714757E-1	6.087172E-2
0.081187	-3.079403E-1	2.414339E-1	6.022476E-2
0.081250	-3.204924E-1	1.963711E-1	6.087172E-2
0.081312	-3.255133E-1	1.588188E-1	6.022476E-2
0.081375	-3.330445E-1	1.362874E-1	6.216564E-2
0.081437	-3.330445E-1	9.623165E-2	6.216564E-2
0.081500	-3.455967E-1	4.616191E-2	6.216564E-2
0.081562	-3.455967E-1	-1.404348E-3	6.216564E-2
0.081625	-3.430862E-1	-2.894271E-2	6.281260E-2
0.081687	-3.430862E-1	-5.648106E-2	6.345955E-2
0.081750	-3.430862E-1	-9.904035E-2	6.475347E-2
0.081812	-3.355550E-1	-1.415996E-1	6.410651E-2
0.081875	-3.255133E-1	-1.691380E-1	6.475347E-2
0.081937	-3.204924E-1	-1.966763E-1	6.281260E-2
0.082000	-3.129611E-1	-2.417391E-1	6.151868E-2
0.082062	-2.978986E-1	-2.817949E-1	6.216564E-2
0.082125	-2.878569E-1	-2.993193E-1	6.151868E-2
0.082187	-2.753047E-1	-3.243542E-1	6.087172E-2
0.082250	-2.627526E-1	-3.594030E-1	6.087172E-2
0.082312	-2.577318E-1	-3.994588E-1	6.022476E-2
0.082375	-2.426692E-1	-4.194867E-1	6.087172E-2
0.082437	-2.225858E-1	-4.420181E-1	6.087172E-2
0.082500	-2.100337E-1	-4.770669E-1	6.216564E-2
0.082562	-1.924607E-1	-5.146192E-1	6.216564E-2
0.082625	-1.799086E-1	-5.446611E-1	6.216564E-2
0.082687	-1.598252E-1	-5.696959E-1	6.216564E-2
0.082750	-1.422522E-1	-6.047447E-1	6.410651E-2
0.082812	-1.271896E-1	-6.473040E-1	6.345955E-2
0.082875	-9.706452E-2	-6.798494E-1	6.410651E-2
0.082937	-8.200197E-2	-7.199052E-1	6.410651E-2
0.083000	-5.438729E-2	-7.674714E-1	6.216564E-2
0.083062	-3.430388E-2	-8.475830E-1	6.216564E-2
0.083125	-9.199624E-3	-9.702539E-1	6.216564E-2
0.083187	1.339421E-2	-1.185554E+0	6.216564E-2
0.083250	3.096719E-2	-1.581105E+0	6.216564E-2
0.083312	5.105059E-2	-2.056767E+0	6.087172E-2
0.083375	7.113400E-2	-2.106837E+0	6.087172E-2
0.083437	8.619655E-2	-1.741328E+0	6.151868E-2
0.083500	1.037695E-1	-1.285693E+0	6.087172E-2
0.083562	1.213425E-1	-1.000296E+0	6.216564E-2
0.083625	1.364051E-1	-8.275551E-1	6.151868E-2
0.083687	1.464468E-1	-6.973738E-1	6.281260E-2
0.083750	1.615093E-1	-6.072482E-1	6.281260E-2
0.083812	1.740615E-1	-5.446611E-1	6.475347E-2
0.083875	1.866136E-1	-4.970948E-1	6.410651E-2
0.083937	2.066970E-1	-4.470251E-1	6.410651E-2
0.084000	2.167387E-1	-4.044658E-1	6.410651E-2
0.084062	2.292908E-1	-3.869414E-1	6.216564E-2
0.084125	2.368221E-1	-3.644100E-1	6.216564E-2
0.084187	2.493742E-1	-3.343681E-1	6.216564E-2
0.084250	2.694576E-1	-3.043263E-1	6.281260E-2
0.084312	2.769889E-1	-2.868019E-1	6.216564E-2
0.084375	2.845202E-1	-2.792914E-1	6.022476E-2
0.084437	2.920515E-1	-2.592635E-1	6.087172E-2
0.084500	2.970723E-1	-2.342287E-1	6.022476E-2
0.084562	3.071140E-1	-2.192077E-1	6.151868E-2
0.084625	3.121349E-1	-2.091938E-1	6.216564E-2
0.084687	3.246870E-1	-1.641310E-1	6.216564E-2
0.084750	3.196661E-1	-1.115578E-1	6.216564E-2
0.084812	3.246870E-1	-8.401942E-2	6.216564E-2
0.084875	3.246870E-1	-5.648106E-2	6.216564E-2
0.084937	3.271974E-1	-1.392178E-2	6.410651E-2
0.085000	3.297078E-1	3.614796E-2	6.345955E-2
0.085062	3.347287E-1	6.618980E-2	6.410651E-2
0.085125	3.271974E-1	8.621770E-2	6.475347E-2
0.085187	3.246870E-1	1.212665E-1	6.216564E-2
0.085250	3.196661E-1	1.688328E-1	6.281260E-2
0.085312	3.196661E-1	2.038816E-1	6.281260E-2
0.085375	3.096244E-1	2.339234E-1	6.216564E-2
0.085437	2.995827E-1	2.589583E-1	6.022476E-2
0.085500	2.945619E-1	3.065246E-1	6.087172E-2
0.085562	2.744785E-1	3.465804E-1	6.087172E-2
0.085625	2.594159E-1	3.741187E-1	6.087172E-2
0.085687	2.468638E-1	3.941466E-1	6.087172E-2
0.085750	2.343117E-1	4.367059E-1	6.216564E-2
0.085812	2.117178E-1	4.717547E-1	6.281260E-2
0.085875	1.916344E-1	4.867756E-1	6.216564E-2
0.085937	1.765719E-1	5.093070E-1	6.345955E-2
0.086000	1.640197E-1	7.746767E-1	6.410651E-2
0.086062	1.414259E-1	6.720337E-1	6.281260E-2
0.086125	1.238529E-1	6.319779E-1	6.410651E-2
0.086187	9.623825E-2	6.369849E-1	6.345955E-2
0.086250	8.368613E-2	6.795442E-1	6.216564E-2
0.086312	6.360272E-2	7.321174E-1	6.281260E-2
0.086375	5.105059E-2	7.846906E-1	6.216564E-2
0.086437	2.343591E-2	8.698092E-1	6.216564E-2
0.086500	3.352505E-3	1.042550E+0	6.151868E-2
0.086562	-1.422048E-2	1.375514E+0	6.022476E-2
0.086625	-3.932473E-2	1.913763E+0	6.151868E-2
0.086687	-6.191856E-2	2.189147E+0	6.022476E-2
0.086750	-8.200197E-2	2.001385E+0	6.216564E-2
0.086812	-9.957495E-2	1.510702E+0	6.216564E-2
0.086875	-1.221688E-1	1.152703E+0	6.216564E-2
0.086937	-1.372313E-1	9.048580E-1	6.216564E-2
0.087000	-1.548043E-1	7.596557E-1	6.281260E-2
0.087062	-1.698669E-1	6.720337E-1	6.345955E-2
0.087125	-1.849294E-1	5.919221E-1	6.410651E-2
0.087187	-1.974815E-1	5.218245E-1	6.345955E-2
0.087250	-2.075233E-1	4.667477E-1	6.345955E-2
0.087312	-2.225858E-1	4.367059E-1	6.216564E-2
0.087375	-2.326275E-1	4.041606E-1	6.345955E-2
0.087437	-2.426692E-1	3.691117E-1	6.216564E-2
0.087500	-2.527109E-1	3.415734E-1	6.216564E-2
0.087562	-2.602422E-1	3.315594E-1	6.087172E-2
0.087625	-2.702839E-1	3.240490E-1	6.087172E-2
0.087687	-2.903673E-1	2.915036E-1	6.022476E-2
0.087750	-3.004090E-1	2.689723E-1	6.087172E-2
0.087812	-3.054299E-1	2.614618E-1	6.216564E-2
0.087875	-3.154716E-1	2.539513E-1	6.216564E-2
0.087937	-3.280237E-1	1.938676E-1	6.281260E-2
0.088000	-3.330445E-1	1.337840E-1	6.216564E-2
0.088062	-3.355550E-1	1.037421E-1	6.345955E-2
0.088125	-3.405758E-1	7.620375E-2	6.345955E-2
0.088187	-3.405758E-1	3.364447E-2	6.345955E-2
0.088250	-3.405758E-1	-2.143224E-2	6.345955E-2
0.088312	-3.405758E-1	-4.897060E-2	6.281260E-2
0.088375	-3.330445E-1	-7.150199E-2	6.281260E-2
0.088437	-3.280237E-1	-1.090543E-1	6.281260E-2
0.088500	-3.230028E-1	-1.541171E-1	6.216564E-2
0.088562	-3.179820E-1	-1.866624E-1	6.087172E-2
0.088625	-3.104507E-1	-2.066903E-1	6.087172E-2
0.088687	-3.029194E-1	-2.417391E-1	6.087172E-2
0.088750	-3.004090E-1	-2.817949E-1	6.087172E-2
0.088812	-2.878569E-1	-3.118368E-1	6.151868E-2
0.088875	-2.753047E-1	-3.293612E-1	6.281260E-2
0.088937	-2.627526E-1	-3.543960E-1	6.281260E-2
0.089000	-2.577318E-1	-3.969553E-1	6.281260E-2
0.089062	-2.451796E-1	-4.470251E-1	6.281260E-2
0.089125	-2.250962E-1	-4.620460E-1	6.410651E-2
0.089187	-2.100337E-1	-4.895843E-1	6.410651E-2
0.089250	-1.874398E-1	-5.271366E-1	6.475347E-2
0.089312	-1.673564E-1	-5.671924E-1	6.410651E-2
0.089375	-1.497835E-1	-5.897238E-1	6.216564E-2
0.089437	-1.322105E-1	-6.122552E-1	6.281260E-2
0.089500	-1.045958E-1	-6.548145E-1	6.216564E-2
0.089562	-8.451239E-2	-6.948703E-1	6.216564E-2
0.089625	-6.191856E-2	-7.324226E-1	6.281260E-2
0.089687	-4.183516E-2	-7.799888E-1	6.151868E-2
0.089750	-2.175175E-2	-8.676109E-1	6.087172E-2
0.089812	-9.199624E-3	-1.025331E+0	6.151868E-2
0.089875	1.841506E-2	-1.308225E+0	6.087172E-2
0.089937	3.598804E-2	-1.793901E+0	6.281260E-2
0.090000	5.607144E-2	-2.179438E+0	6.216564E-2
0.090062	6.862357E-2	-2.069285E+0	6.281260E-2
0.090125	8.870698E-2	-1.581105E+0	6.281260E-2
0.090187	1.062800E-1	-1.183050E+0	6.281260E-2
0.090250	1.263634E-1	-9.377085E-1	6.345955E-2
0.090312	1.414259E-1	-7.824923E-1	6.475347E-2
0.090375	1.640197E-1	-6.798494E-1	6.410651E-2
0.090437	1.765719E-1	-5.922273E-1	6.410651E-2
0.090500	1.866136E-1	-5.321436E-1	6.281260E-2
0.090562	2.016761E-1	-4.920878E-1	6.216564E-2
0.090625	2.242700E-1	-4.545355E-1	6.216564E-2
0.090687	2.393325E-1	-3.919483E-1	6.281260E-2
0.090750	2.493742E-1	-3.619065E-1	6.022476E-2
0.090812	2.543951E-1	-3.518925E-1	6.151868E-2
0.090875	2.644368E-1	-3.343681E-1	6.151868E-2
0.090937	2.719681E-1	-2.968158E-1	6.087172E-2
0.091000	2.870306E-1	-2.742844E-1	6.216564E-2
0.091062	2.920515E-1	-2.692775E-1	6.216564E-2
0.091125	2.920515E-1	-2.592635E-1	6.151868E-2
0.091187	3.020932E-1	-2.417391E-1	6.216564E-2
0.091250	3.121349E-1	-2.217112E-1	6.410651E-2
0.091312	3.196661E-1	-1.866624E-1	6.410651E-2
0.091375	3.297078E-1	-1.516136E-1	6.345955E-2
0.091437	3.372391E-1	-1.015438E-1	6.410651E-2
0.091500	3.397495E-1	-5.898455E-2	6.345955E-2
0.091562	3.397495E-1	-3.144619E-2	6.281260E-2
0.091625	3.422600E-1	-1.404348E-3	6.216564E-2
0.091687	3.497912E-1	4.115493E-2	6.216564E-2
0.091750	3.472808E-1	9.122468E-2	6.216564E-2
0.091812	3.422600E-1	1.212665E-1	6.087172E-2
0.091875	3.347287E-1	1.412944E-1	6.022476E-2
0.091937	3.246870E-1	1.813502E-1	6.087172E-2
0.092000	3.196661E-1	2.314200E-1	6.087172E-2
0.092062	3.146453E-1	2.639653E-1	6.216564E-2
0.092125	2.995827E-1	2.814897E-1	6.216564E-2
0.092187	2.845202E-1	3.140350E-1	6.216564E-2
0.092250	2.719681E-1	3.565943E-1	6.216564E-2
0.092312	2.569055E-1	3.891396E-1	6.345955E-2
0.092375	2.418429E-1	4.041606E-1	6.345955E-2
0.092437	2.318012E-1	4.367059E-1	6.345955E-2
0.092500	2.167387E-1	4.742582E-1	6.410651E-2
0.092562	2.016761E-1	5.093070E-1	6.410651E-2
0.092625	1.841032E-1	6.069430E-1	6.216564E-2
0.092687	1.615093E-1	6.269709E-1	6.216564E-2
0.092750	1.489572E-1	6.344814E-1	6.281260E-2
0.092812	1.288738E-1	6.520058E-1	6.281260E-2
0.092875	1.037695E-1	6.620197E-1	6.087172E-2
0.092937	8.368613E-2	6.945651E-1	6.022476E-2
0.093000	6.109230E-2	7.471383E-1	6.087172E-2
0.093062	3.849846E-2	8.247464E-1	6.087172E-2
0.093125	1.590463E-2	9.198789E-1	6.087172E-2
0.093187	-1.668347E-3	1.122661E+0	6.151868E-2
0.093250	-2.426218E-2	1.533233E+0	6.281260E-2
0.093312	-4.936643E-2	2.023917E+0	6.216564E-2
0.093375	-6.944984E-2	2.141581E+0	6.151868E-2
0.093437	-8.953325E-2	1.833652E+0	6.410651E-2
0.093500	-1.071062E-1	1.368003E+0	6.410651E-2
0.093562	-1.146375E-1	1.060074E+0	6.410651E-2
0.093625	-1.347209E-1	8.522848E-1	6.410651E-2
0.093687	-1.497835E-1	7.145930E-1	6.216564E-2
0.093750	-1.648460E-1	6.219639E-1	6.216564E-2
0.093812	-1.723773E-1	5.593768E-1	6.281260E-2
0.093875	-1.849294E-1	4.992931E-1	6.216564E-2
0.093937	-2.025024E-1	4.492233E-1	6.216564E-2
0.094000	-2.150545E-1	4.116710E-1	6.087172E-2
0.094062	-2.225858E-1	3.966501E-1	6.216564E-2
0.094125	-2.426692E-1	3.716152E-1	6.087172E-2
0.094187	-2.527109E-1	3.365664E-1	6.087172E-2
0.094250	-2.652630E-1	3.165385E-1	6.216564E-2
0.094312	-2.702839E-1	3.090281E-1	6.216564E-2
0.094375	-2.878569E-1	2.940071E-1	6.216564E-2
0.094437	-2.953881E-1	2.664688E-1	6.281260E-2
0.094500	-3.054299E-1	2.389304E-1	6.216564E-2
0.094562	-3.129611E-1	2.314200E-1	6.410651E-2
0.094625	-3.230028E-1	2.013781E-1	6.345955E-2
0.094687	-3.230028E-1	1.437979E-1	6.410651E-2
0.094750	-3.255133E-1	9.122468E-2	6.410651E-2
0.094812	-3.230028E-1	6.368632E-2	6.281260E-2
0.094875	-3.305341E-1	2.863750E-2	6.151868E-2
0.094937	-3.305341E-1	-2.143224E-2	6.216564E-2
0.095000	-3.255133E-1	-5.648106E-2	6.281260E-2
0.095062	-3.280237E-1	-8.151594E-2	6.087172E-2
0.095125	-3.179820E-1	-1.090543E-1	6.022476E-2
0.095187	-3.179820E-1	-1.516136E-1	6.087172E-2
0.095250	-3.204924E-1	-1.941729E-1	6.151868E-2
0.095312	-3.104507E-1	-2.142008E-1	6.151868E-2
0.095375	-3.029194E-1	-2.342287E-1	6.216564E-2
0.095437	-2.928777E-1	-2.742844E-1	6.216564E-2
0.095500	-2.953881E-1	-3.193472E-1	6.216564E-2
0.095562	-2.803256E-1	-3.443821E-1	6.281260E-2
0.095625	-2.627526E-1	-3.669135E-1	6.345955E-2
0.095687	-2.502005E-1	-4.044658E-1	6.410651E-2
0.095750	-2.351379E-1	-4.470251E-1	6.475347E-2
0.095812	-2.175650E-1	-4.795704E-1	6.410651E-2
0.095875	-1.974815E-1	-5.021018E-1	6.216564E-2
0.095937	-1.773981E-1	-5.396541E-1	6.216564E-2
0.096000	-1.648460E-1	-5.797099E-1	6.216564E-2
0.096062	-1.422522E-1	-6.122552E-1	6.216564E-2
0.096125	-1.146375E-1	-6.222692E-1	6.216564E-2
0.096187	-9.706452E-2	-6.548145E-1	6.087172E-2
0.096250	-8.200197E-2	-7.073877E-1	6.087172E-2
0.096312	-6.693941E-2	-7.549540E-1	5.957781E-2
0.096375	-4.183516E-2	-8.050237E-1	6.151868E-2
0.096437	-1.924133E-2	-9.026597E-1	6.151868E-2
0.096500	-4.178772E-3	-1.110449E+0	6.281260E-2
0.096562	1.339421E-2	-1.470951E+0	6.151868E-2
0.096625	3.598804E-2	-1.994180E+0	6.216564E-2
0.096687	5.607144E-2	-2.161914E+0	6.410651E-2
0.096750	7.615485E-2	-1.891537E+0	6.410651E-2
0.096812	9.623825E-2	-1.405861E+0	6.410651E-2
0.096875	1.113008E-1	-1.075400E+0	6.410651E-2
0.096937	1.313842E-1	-8.701144E-1	6.345955E-2
0.097000	1.464468E-1	-7.449400E-1	6.216564E-2
0.097062	1.665302E-1	-6.573180E-1	6.216564E-2
0.097125	1.841032E-1	-5.747029E-1	6.216564E-2
0.097187	1.966553E-1	-4.995983E-1	6.281260E-2
0.097250	2.117178E-1	-4.595425E-1	6.151868E-2
0.097312	2.242700E-1	-4.370111E-1	6.022476E-2
0.097375	2.318012E-1	-4.019623E-1	6.151868E-2
0.097437	2.443534E-1	-3.594030E-1	6.087172E-2
0.097500	2.543951E-1	-3.393751E-1	6.216564E-2
0.097562	2.669472E-1	-3.268577E-1	6.281260E-2
0.097625	2.669472E-1	-3.018228E-1	6.216564E-2
0.097687	2.794993E-1	-2.767879E-1	6.216564E-2
0.097750	2.920515E-1	-2.642705E-1	6.151868E-2
0.097812	2.970723E-1	-2.592635E-1	6.410651E-2
0.097875	3.096244E-1	-2.517531E-1	6.345955E-2
0.097937	3.246870E-1	-2.016833E-1	6.410651E-2
0.098000	3.271974E-1	-1.666345E-1	6.345955E-2
0.098062	3.297078E-1	-1.441031E-1	6.216564E-2
0.098125	3.372391E-1	-1.065508E-1	6.216564E-2
0.098187	3.497912E-1	-4.897060E-2	6.216564E-2
0.098250	3.497912E-1	-3.907835E-3	6.281260E-2
0.098312	3.497912E-1	1.862355E-2	5.957781E-2
0.098375	3.472808E-1	4.866539E-2	6.022476E-2
0.098437	3.397495E-1	9.873514E-2	6.087172E-2
0.098500	3.347287E-1	1.412944E-1	6.087172E-2
0.098562	3.297078E-1	1.663293E-1	6.216564E-2
0.098625	3.221766E-1	1.938676E-1	6.151868E-2
0.098687	3.146453E-1	2.364269E-1	6.151868E-2
0.098750	2.995827E-1	2.789862E-1	6.216564E-2
0.098812	2.895410E-1	2.940071E-1	6.216564E-2
0.098875	2.769889E-1	3.240490E-1	6.345955E-2
0.098937	2.669472E-1	3.666083E-1	6.345955E-2
0.099000	2.569055E-1	3.991536E-1	6.410651E-2
0.099062	2.418429E-1	4.191815E-1	6.345955E-2
0.099125	2.267804E-1	4.417129E-1	6.216564E-2
0.099187	2.117178E-1	4.767617E-1	6.216564E-2
0.099250	1.991657E-1	5.193210E-1	6.216564E-2
0.099312	1.815927E-1	4.342024E-1	6.281260E-2
0.099375	1.615093E-1	5.593768E-1	6.216564E-2
0.099437	1.414259E-1	6.244674E-1	6.087172E-2
0.099500	1.238529E-1	6.695302E-1	6.022476E-2
0.099562	9.623825E-2	6.920616E-1	6.087172E-2
0.099625	7.113400E-2	7.170965E-1	6.022476E-2
0.099687	5.105059E-2	7.621592E-1	6.281260E-2
0.099750	3.096719E-2	8.472778E-1	6.216564E-2
0.099812	5.862930E-3	9.724521E-1	6.151868E-2
0.099875	-1.673090E-2	1.207780E+0	6.216564E-2
0.099937	-3.681431E-2	1.703470E+0	6.281260E-2
