date/time: .11/02/2014.11:45 a.m.
Run 1

time	(V)	V	(V)
0.000000	3.020932E-1	-2.342287E-1	6.475347E-2
0.000063	3.071140E-1	-2.442426E-1	6.345955E-2
0.000125	3.146453E-1	-2.217112E-1	6.216564E-2
0.000188	3.246870E-1	-1.691380E-1	6.151868E-2
0.000250	3.347287E-1	-1.265787E-1	6.216564E-2
0.000313	3.347287E-1	-9.152988E-2	6.281260E-2
0.000375	3.422600E-1	-5.147409E-2	6.216564E-2
0.000438	3.447704E-1	-1.404348E-3	6.151868E-2
0.000500	3.472808E-1	3.364447E-2	6.022476E-2
0.000563	3.372391E-1	5.367237E-2	6.087172E-2
0.000625	3.347287E-1	9.372816E-2	6.022476E-2
0.000688	3.297078E-1	1.463014E-1	6.216564E-2
0.000750	3.221766E-1	1.813502E-1	6.216564E-2
0.000813	3.121349E-1	2.038816E-1	6.216564E-2
0.000875	2.995827E-1	2.264130E-1	6.216564E-2
0.000938	2.970723E-1	2.689723E-1	6.410651E-2
0.001000	2.870306E-1	3.065246E-1	6.475347E-2
0.001063	2.769889E-1	3.315594E-1	6.410651E-2
0.001125	2.594159E-1	3.490839E-1	6.345955E-2
0.001188	2.493742E-1	3.891396E-1	6.216564E-2
0.001250	2.368221E-1	4.191815E-1	6.216564E-2
0.001313	2.242700E-1	4.467198E-1	6.151868E-2
0.001375	2.117178E-1	4.742582E-1	6.151868E-2
0.001438	1.916344E-1	5.168175E-1	6.216564E-2
0.001500	1.765719E-1	6.419918E-1	6.087172E-2
0.001563	1.539780E-1	6.369849E-1	6.151868E-2
0.001625	1.263634E-1	6.194605E-1	6.022476E-2
0.001688	1.062800E-1	6.495023E-1	6.087172E-2
0.001750	8.870698E-2	6.920616E-1	6.345955E-2
0.001813	6.611315E-2	7.321174E-1	6.281260E-2
0.001875	4.100889E-2	7.721732E-1	6.151868E-2
0.001938	1.841506E-2	8.572917E-1	6.216564E-2
0.002000	8.420790E-4	1.032536E+0	6.410651E-2
0.002063	-2.175175E-2	1.370507E+0	6.475347E-2
0.002125	-4.685601E-2	1.876211E+0	6.345955E-2
0.002188	-5.689771E-2	2.164112E+0	6.345955E-2
0.002250	-7.447069E-2	1.966337E+0	6.216564E-2
0.002313	-9.455410E-2	1.480660E+0	6.216564E-2
0.002375	-1.146375E-1	1.125165E+0	6.151868E-2
0.002438	-1.246792E-1	8.998510E-1	6.216564E-2
0.002500	-1.397418E-1	7.721732E-1	6.281260E-2
0.002563	-1.623356E-1	6.695302E-1	5.957781E-2
0.002625	-1.698669E-1	5.819082E-1	6.022476E-2
0.002688	-1.924607E-1	5.118105E-1	6.022476E-2
0.002750	-2.025024E-1	4.817687E-1	6.087172E-2
0.002813	-2.150545E-1	4.467198E-1	6.281260E-2
0.002875	-2.351379E-1	4.041606E-1	6.151868E-2
0.002938	-2.502005E-1	3.691117E-1	6.216564E-2
0.003000	-2.577318E-1	3.440769E-1	6.216564E-2
0.003063	-2.702839E-1	3.365664E-1	6.410651E-2
0.003125	-2.828360E-1	3.090281E-1	6.281260E-2
0.003188	-2.878569E-1	2.789862E-1	6.345955E-2
0.003250	-2.953881E-1	2.714757E-1	6.410651E-2
0.003313	-3.079403E-1	2.639653E-1	6.410651E-2
0.003375	-3.104507E-1	2.364269E-1	6.281260E-2
0.003438	-3.230028E-1	1.738398E-1	6.216564E-2
0.003500	-3.230028E-1	1.437979E-1	6.216564E-2
0.003563	-3.305341E-1	1.212665E-1	6.216564E-2
0.003625	-3.330445E-1	7.620375E-2	6.151868E-2
0.003688	-3.355550E-1	3.114098E-2	6.022476E-2
0.003750	-3.355550E-1	-6.411322E-3	6.216564E-2
0.003813	-3.355550E-1	-1.892876E-2	6.087172E-2
0.003875	-3.355550E-1	-5.898455E-2	6.281260E-2
0.003938	-3.305341E-1	-1.065508E-1	6.216564E-2
0.004000	-3.330445E-1	-1.340892E-1	6.216564E-2
0.004063	-3.355550E-1	-1.541171E-1	6.281260E-2
0.004125	-3.230028E-1	-1.991798E-1	6.216564E-2
0.004188	-3.179820E-1	-2.417391E-1	6.345955E-2
0.004250	-3.079403E-1	-2.792914E-1	6.281260E-2
0.004313	-2.878569E-1	-2.968158E-1	6.345955E-2
0.004375	-2.778152E-1	-3.343681E-1	6.410651E-2
0.004438	-2.677735E-1	-3.769274E-1	6.216564E-2
0.004500	-2.476901E-1	-4.119762E-1	6.151868E-2
0.004563	-2.326275E-1	-4.345076E-1	6.151868E-2
0.004625	-2.200754E-1	-4.495285E-1	6.216564E-2
0.004688	-1.999920E-1	-4.895843E-1	6.087172E-2
0.004750	-1.799086E-1	-5.271366E-1	6.022476E-2
0.004813	-1.623356E-1	-5.396541E-1	6.022476E-2
0.004875	-1.497835E-1	-5.671924E-1	6.087172E-2
0.004938	-1.322105E-1	-6.097517E-1	6.087172E-2
0.005000	-1.121271E-1	-6.473040E-1	6.216564E-2
0.005063	-9.204367E-2	-6.748424E-1	6.216564E-2
0.005125	-7.447069E-2	-7.098912E-1	6.281260E-2
0.005188	-5.689771E-2	-7.749819E-1	6.281260E-2
0.005250	-3.932473E-2	-8.676109E-1	6.345955E-2
0.005313	-1.673090E-2	-1.010310E+0	6.345955E-2
0.005375	1.088378E-2	-1.308225E+0	6.410651E-2
0.005438	3.347761E-2	-1.858992E+0	6.410651E-2
0.005500	5.356102E-2	-2.214487E+0	6.281260E-2
0.005563	7.364442E-2	-2.059271E+0	6.216564E-2
0.005625	9.121740E-2	-1.543552E+0	6.216564E-2
0.005688	1.188321E-1	-1.168029E+0	6.216564E-2
0.005750	1.338946E-1	-9.352050E-1	6.151868E-2
0.005813	1.489572E-1	-7.799888E-1	6.087172E-2
0.005875	1.665302E-1	-6.623250E-1	6.087172E-2
0.005938	1.740615E-1	-5.847169E-1	6.087172E-2
0.006000	1.891240E-1	-5.296401E-1	6.087172E-2
0.006063	1.991657E-1	-4.770669E-1	6.087172E-2
0.006125	2.142283E-1	-4.269972E-1	6.216564E-2
0.006188	2.267804E-1	-3.869414E-1	6.216564E-2
0.006250	2.318012E-1	-3.694170E-1	6.281260E-2
0.006313	2.443534E-1	-3.518925E-1	6.087172E-2
0.006375	2.594159E-1	-3.193472E-1	6.345955E-2
0.006438	2.669472E-1	-2.993193E-1	6.410651E-2
0.006500	2.820098E-1	-2.868019E-1	6.475347E-2
0.006563	2.895410E-1	-2.792914E-1	6.345955E-2
0.006625	2.995827E-1	-2.517531E-1	6.410651E-2
0.006688	3.071140E-1	-2.367321E-1	6.216564E-2
0.006750	3.146453E-1	-2.417391E-1	6.216564E-2
0.006813	3.297078E-1	-2.016833E-1	6.281260E-2
0.006875	3.372391E-1	-1.466066E-1	6.216564E-2
0.006938	3.397495E-1	-9.904035E-2	6.087172E-2
0.007000	3.447704E-1	-6.899850E-2	6.087172E-2
0.007063	3.347287E-1	-3.895665E-2	6.022476E-2
0.007125	3.422600E-1	1.612006E-2	6.087172E-2
0.007188	3.422600E-1	5.867934E-2	6.216564E-2
0.007250	3.372391E-1	8.872119E-2	6.151868E-2
0.007313	3.297078E-1	1.112526E-1	6.151868E-2
0.007375	3.246870E-1	1.437979E-1	6.216564E-2
0.007438	3.196661E-1	1.913642E-1	6.410651E-2
0.007500	3.096244E-1	2.239095E-1	6.410651E-2
0.007563	2.995827E-1	2.414339E-1	6.410651E-2
0.007625	2.970723E-1	2.739792E-1	6.475347E-2
0.007688	2.895410E-1	3.115315E-1	6.410651E-2
0.007750	2.769889E-1	3.465804E-1	6.216564E-2
0.007813	2.619263E-1	3.616013E-1	6.151868E-2
0.007875	2.493742E-1	3.916431E-1	6.216564E-2
0.007938	2.418429E-1	4.442164E-1	6.281260E-2
0.008000	2.242700E-1	4.742582E-1	6.022476E-2
0.008063	2.092074E-1	4.892791E-1	6.087172E-2
0.008125	1.866136E-1	5.718942E-1	6.087172E-2
0.008188	1.640197E-1	6.269709E-1	6.087172E-2
0.008250	1.414259E-1	6.369849E-1	6.022476E-2
0.008313	1.213425E-1	6.344814E-1	6.216564E-2
0.008375	1.012591E-1	6.595163E-1	6.216564E-2
0.008438	7.615485E-2	7.045790E-1	6.216564E-2
0.008500	5.607144E-2	7.471383E-1	6.281260E-2
0.008563	3.347761E-2	7.997115E-1	6.345955E-2
0.008625	1.088378E-2	8.923406E-1	6.345955E-2
0.008688	-1.668347E-3	1.102633E+0	6.410651E-2
0.008750	-2.426218E-2	1.533233E+0	6.475347E-2
0.008813	-4.183516E-2	2.026420E+0	6.216564E-2
0.008875	-6.442899E-2	2.159105E+0	6.216564E-2
0.008938	-8.702282E-2	1.826141E+0	6.216564E-2
0.009000	-9.455410E-2	1.365500E+0	6.216564E-2
0.009063	-1.171479E-1	1.052564E+0	6.216564E-2
0.009125	-1.297001E-1	8.522848E-1	6.087172E-2
0.009188	-1.472730E-1	7.221034E-1	6.087172E-2
0.009250	-1.673564E-1	6.369849E-1	6.151868E-2
0.009313	-1.799086E-1	5.668872E-1	6.087172E-2
0.009375	-1.949711E-1	5.043001E-1	6.216564E-2
0.009438	-2.100337E-1	4.567338E-1	6.216564E-2
0.009500	-2.250962E-1	4.316989E-1	6.281260E-2
0.009563	-2.376484E-1	3.941466E-1	6.216564E-2
0.009625	-2.527109E-1	3.540908E-1	6.216564E-2
0.009688	-2.602422E-1	3.315594E-1	6.345955E-2
0.009750	-2.702839E-1	3.215455E-1	6.410651E-2
0.009813	-2.753047E-1	3.040211E-1	6.345955E-2
0.009875	-2.878569E-1	2.664688E-1	6.281260E-2
0.009938	-2.978986E-1	2.514479E-1	6.345955E-2
0.010000	-3.029194E-1	2.489444E-1	6.281260E-2
0.010063	-3.079403E-1	2.389304E-1	6.216564E-2
0.010125	-3.129611E-1	1.763432E-1	6.216564E-2
0.010188	-3.204924E-1	1.337840E-1	6.022476E-2
0.010250	-3.230028E-1	1.012386E-1	6.087172E-2
0.010313	-3.355550E-1	7.119678E-2	6.087172E-2
0.010375	-3.380654E-1	2.613401E-2	6.087172E-2
0.010438	-3.380654E-1	-1.892876E-2	6.087172E-2
0.010500	-3.405758E-1	-3.895665E-2	6.216564E-2
0.010563	-3.355550E-1	-6.649501E-2	6.216564E-2
0.010625	-3.380654E-1	-1.065508E-1	6.216564E-2
0.010688	-3.355550E-1	-1.591240E-1	6.216564E-2
0.010750	-3.255133E-1	-1.816554E-1	6.345955E-2
0.010813	-3.179820E-1	-2.016833E-1	6.281260E-2
0.010875	-3.054299E-1	-2.467461E-1	6.345955E-2
0.010938	-2.978986E-1	-2.993193E-1	6.345955E-2
0.011000	-2.853464E-1	-3.193472E-1	6.216564E-2
0.011063	-2.727943E-1	-3.368716E-1	6.281260E-2
0.011125	-2.527109E-1	-3.744239E-1	6.216564E-2
0.011188	-2.451796E-1	-4.169832E-1	6.216564E-2
0.011250	-2.250962E-1	-4.345076E-1	6.151868E-2
0.011313	-2.075233E-1	-4.545355E-1	6.087172E-2
0.011375	-1.924607E-1	-4.870809E-1	6.022476E-2
0.011438	-1.824190E-1	-5.346471E-1	6.151868E-2
0.011500	-1.598252E-1	-5.571785E-1	6.087172E-2
0.011563	-1.447626E-1	-5.747029E-1	6.281260E-2
0.011625	-1.246792E-1	-6.072482E-1	6.281260E-2
0.011688	-1.096167E-1	-6.523110E-1	6.216564E-2
0.011750	-9.204367E-2	-6.998773E-1	6.151868E-2
0.011813	-7.196027E-2	-7.399331E-1	6.216564E-2
0.011875	-5.438729E-2	-7.925063E-1	6.410651E-2
0.011938	-3.430388E-2	-9.001562E-1	6.345955E-2
0.012000	-1.668347E-3	-1.095428E+0	6.410651E-2
0.012063	1.841506E-2	-1.463441E+0	6.345955E-2
0.012125	3.849846E-2	-1.956628E+0	6.216564E-2
0.012188	5.858187E-2	-2.149396E+0	6.281260E-2
0.012250	8.117570E-2	-1.886530E+0	6.216564E-2
0.012313	1.012591E-1	-1.395847E+0	6.216564E-2
0.012375	1.138112E-1	-1.070393E+0	6.151868E-2
0.012438	1.288738E-1	-8.726179E-1	6.022476E-2
0.012500	1.414259E-1	-7.449400E-1	5.957781E-2
0.012563	1.615093E-1	-6.347866E-1	6.087172E-2
0.012625	1.765719E-1	-5.546750E-1	6.151868E-2
0.012688	1.841032E-1	-5.021018E-1	6.216564E-2
0.012750	1.966553E-1	-4.595425E-1	6.022476E-2
0.012813	2.041866E-1	-4.244937E-1	6.216564E-2
0.012875	2.142283E-1	-3.819344E-1	6.216564E-2
0.012938	2.318012E-1	-3.644100E-1	6.345955E-2
0.013000	2.368221E-1	-3.493891E-1	6.345955E-2
0.013063	2.569055E-1	-3.243542E-1	6.410651E-2
0.013125	2.719681E-1	-2.968158E-1	6.475347E-2
0.013188	2.820098E-1	-2.868019E-1	6.345955E-2
0.013250	2.895410E-1	-2.842984E-1	6.216564E-2
0.013313	2.945619E-1	-2.692775E-1	6.151868E-2
0.013375	3.096244E-1	-2.467461E-1	6.216564E-2
0.013438	3.196661E-1	-2.142008E-1	6.216564E-2
0.013500	3.271974E-1	-1.816554E-1	6.151868E-2
0.013563	3.322183E-1	-1.390961E-1	6.151868E-2
0.013625	3.347287E-1	-8.902640E-2	6.087172E-2
0.013688	3.347287E-1	-3.895665E-2	6.087172E-2
0.013750	3.372391E-1	-1.642527E-2	6.216564E-2
0.013813	3.372391E-1	1.612006E-2	6.216564E-2
0.013875	3.322183E-1	6.368632E-2	6.281260E-2
0.013938	3.246870E-1	9.873514E-2	6.281260E-2
0.014000	3.297078E-1	1.212665E-1	6.345955E-2
0.014063	3.171557E-1	1.463014E-1	6.410651E-2
0.014125	3.096244E-1	1.913642E-1	6.410651E-2
0.014188	3.121349E-1	2.289165E-1	6.475347E-2
0.014250	3.020932E-1	2.464409E-1	6.410651E-2
0.014313	2.895410E-1	2.764827E-1	6.216564E-2
0.014375	2.820098E-1	3.165385E-1	6.216564E-2
0.014438	2.744785E-1	3.540908E-1	6.216564E-2
0.014500	2.619263E-1	3.891396E-1	6.216564E-2
0.014563	2.468638E-1	4.066641E-1	6.087172E-2
0.014625	2.343117E-1	4.417129E-1	6.022476E-2
0.014688	2.092074E-1	4.867756E-1	6.151868E-2
0.014750	1.941449E-1	5.118105E-1	6.087172E-2
0.014813	1.740615E-1	7.421313E-1	6.216564E-2
0.014875	1.539780E-1	6.269709E-1	6.151868E-2
0.014938	1.364051E-1	6.169570E-1	6.281260E-2
0.015000	1.138112E-1	6.444953E-1	6.216564E-2
0.015063	8.870698E-2	6.670267E-1	6.281260E-2
0.015125	6.862357E-2	6.995721E-1	6.345955E-2
0.015188	5.105059E-2	7.596557E-1	6.410651E-2
0.015250	3.347761E-2	8.322569E-1	6.410651E-2
0.015313	1.088378E-2	9.424103E-1	6.410651E-2
0.015375	-1.171005E-2	1.205276E+0	6.216564E-2
0.015438	-3.179345E-2	1.728505E+0	6.281260E-2
0.015500	-4.434558E-2	2.184140E+0	6.216564E-2
0.015563	-6.442899E-2	2.139077E+0	6.216564E-2
0.015625	-8.200197E-2	1.668422E+0	6.087172E-2
0.015688	-1.020854E-1	1.245332E+0	6.087172E-2
0.015750	-1.246792E-1	9.899766E-1	6.151868E-2
0.015813	-1.397418E-1	8.172359E-1	6.087172E-2
0.015875	-1.598252E-1	6.945651E-1	6.022476E-2
0.015938	-1.723773E-1	6.194605E-1	6.151868E-2
0.016000	-1.849294E-1	5.543698E-1	6.281260E-2
0.016063	-2.100337E-1	4.942861E-1	6.216564E-2
0.016125	-2.200754E-1	4.342024E-1	6.216564E-2
0.016188	-2.351379E-1	4.116710E-1	6.345955E-2
0.016250	-2.451796E-1	3.866362E-1	6.475347E-2
0.016313	-2.552213E-1	3.515873E-1	6.345955E-2
0.016375	-2.652630E-1	3.165385E-1	6.410651E-2
0.016438	-2.727943E-1	3.040211E-1	6.281260E-2
0.016500	-2.828360E-1	2.965106E-1	6.345955E-2
0.016563	-2.853464E-1	2.764827E-1	6.216564E-2
0.016625	-2.953881E-1	2.489444E-1	6.216564E-2
0.016688	-3.054299E-1	2.289165E-1	6.216564E-2
0.016750	-3.129611E-1	2.113921E-1	6.151868E-2
0.016813	-3.154716E-1	1.713363E-1	6.087172E-2
0.016875	-3.305341E-1	1.112526E-1	6.087172E-2
0.016938	-3.355550E-1	8.621770E-2	6.087172E-2
0.017000	-3.380654E-1	5.367237E-2	6.216564E-2
0.017063	-3.405758E-1	1.862355E-2	6.216564E-2
0.017125	-3.481071E-1	-3.144619E-2	6.216564E-2
0.017188	-3.455967E-1	-6.649501E-2	6.281260E-2
0.017250	-3.380654E-1	-9.152988E-2	6.345955E-2
0.017313	-3.355550E-1	-1.290822E-1	6.345955E-2
0.017375	-3.280237E-1	-1.716415E-1	6.345955E-2
0.017438	-3.204924E-1	-2.091938E-1	6.345955E-2
0.017500	-3.104507E-1	-2.317252E-1	6.281260E-2
0.017563	-3.029194E-1	-2.592635E-1	6.216564E-2
0.017625	-2.928777E-1	-3.018228E-1	6.216564E-2
0.017688	-2.778152E-1	-3.418786E-1	6.216564E-2
0.017750	-2.627526E-1	-3.518925E-1	6.216564E-2
0.017813	-2.527109E-1	-3.794309E-1	6.087172E-2
0.017875	-2.401588E-1	-4.194867E-1	6.087172E-2
0.017938	-2.276067E-1	-4.570390E-1	6.022476E-2
0.018000	-2.100337E-1	-4.695564E-1	6.151868E-2
0.018063	-1.924607E-1	-4.920878E-1	6.216564E-2
0.018125	-1.748877E-1	-5.346471E-1	6.216564E-2
0.018188	-1.673564E-1	-5.721994E-1	6.216564E-2
0.018250	-1.447626E-1	-5.997378E-1	6.216564E-2
0.018313	-1.271896E-1	-6.197657E-1	6.410651E-2
0.018375	-1.045958E-1	-6.623250E-1	6.410651E-2
0.018438	-7.949154E-2	-7.148982E-1	6.410651E-2
0.018500	-5.940814E-2	-7.624644E-1	6.345955E-2
0.018563	-3.681431E-2	-8.225481E-1	6.281260E-2
0.018625	-1.422048E-2	-9.402120E-1	6.216564E-2
0.018688	8.373356E-3	-1.188057E+0	6.281260E-2
0.018750	3.347761E-2	-1.611147E+0	6.216564E-2
0.018813	5.607144E-2	-2.071788E+0	6.087172E-2
0.018875	7.364442E-2	-2.129368E+0	6.022476E-2
0.018938	8.619655E-2	-1.743831E+0	6.087172E-2
0.019000	1.012591E-1	-1.300714E+0	6.087172E-2
0.019063	1.213425E-1	-9.952887E-1	6.087172E-2
0.019125	1.389155E-1	-8.150377E-1	6.216564E-2
0.019188	1.514676E-1	-6.998773E-1	6.216564E-2
0.019250	1.615093E-1	-6.172622E-1	6.216564E-2
0.019313	1.765719E-1	-5.371506E-1	6.216564E-2
0.019375	1.891240E-1	-4.820739E-1	6.345955E-2
0.019438	1.991657E-1	-4.495285E-1	6.345955E-2
0.019500	2.192491E-1	-4.169832E-1	6.281260E-2
0.019563	2.318012E-1	-3.794309E-1	6.345955E-2
0.019625	2.443534E-1	-3.493891E-1	6.281260E-2
0.019688	2.543951E-1	-3.368716E-1	6.216564E-2
0.019750	2.694576E-1	-3.243542E-1	6.281260E-2
0.019813	2.794993E-1	-2.893054E-1	6.281260E-2
0.019875	2.870306E-1	-2.642705E-1	6.087172E-2
0.019938	2.995827E-1	-2.567600E-1	6.022476E-2
0.020000	3.020932E-1	-2.492496E-1	6.087172E-2
0.020063	3.096244E-1	-2.217112E-1	6.087172E-2
0.020125	3.196661E-1	-1.941729E-1	6.281260E-2
0.020188	3.246870E-1	-1.641310E-1	6.151868E-2
0.020250	3.271974E-1	-1.315857E-1	6.216564E-2
0.020313	3.297078E-1	-8.401942E-2	6.216564E-2
0.020375	3.322183E-1	-3.394968E-2	6.216564E-2
0.020438	3.322183E-1	-3.907835E-3	6.345955E-2
0.020500	3.297078E-1	1.862355E-2	6.410651E-2
0.020563	3.372391E-1	5.867934E-2	6.345955E-2
0.020625	3.347287E-1	9.873514E-2	6.410651E-2
0.020688	3.297078E-1	1.312805E-1	6.216564E-2
0.020750	3.196661E-1	1.513084E-1	6.281260E-2
0.020813	3.196661E-1	1.863572E-1	6.216564E-2
0.020875	3.146453E-1	2.414339E-1	6.281260E-2
0.020938	3.046036E-1	2.764827E-1	6.022476E-2
0.021000	2.895410E-1	2.915036E-1	6.022476E-2
0.021063	2.845202E-1	3.190420E-1	6.087172E-2
0.021125	2.694576E-1	3.641048E-1	6.151868E-2
0.021188	2.569055E-1	4.016571E-1	6.087172E-2
0.021250	2.368221E-1	4.166780E-1	6.216564E-2
0.021313	2.192491E-1	4.467198E-1	6.151868E-2
0.021375	1.991657E-1	4.867756E-1	6.281260E-2
0.021438	1.815927E-1	3.891396E-1	6.216564E-2
0.021500	1.615093E-1	4.717547E-1	6.281260E-2
0.021563	1.439363E-1	5.643837E-1	6.345955E-2
0.021625	1.263634E-1	6.369849E-1	6.410651E-2
0.021688	1.113008E-1	6.670267E-1	6.410651E-2
0.021750	8.619655E-2	6.845511E-1	6.216564E-2
0.021813	6.360272E-2	7.120895E-1	6.216564E-2
0.021875	4.351932E-2	7.721732E-1	6.216564E-2
0.021938	3.096719E-2	8.648022E-1	6.281260E-2
0.022000	1.088378E-2	1.027529E+0	6.216564E-2
0.022063	-1.422048E-2	1.360493E+0	6.087172E-2
0.022125	-3.430388E-2	1.883721E+0	6.022476E-2
0.022188	-5.940814E-2	2.169119E+0	6.022476E-2
0.022250	-7.698112E-2	1.973847E+0	6.087172E-2
0.022313	-9.455410E-2	1.480660E+0	6.216564E-2
0.022375	-1.121271E-1	1.137682E+0	6.216564E-2
0.022438	-1.372313E-1	9.173754E-1	6.281260E-2
0.022500	-1.548043E-1	7.646627E-1	6.151868E-2
0.022563	-1.673564E-1	6.520058E-1	6.410651E-2
0.022625	-1.874398E-1	5.743977E-1	6.410651E-2
0.022688	-1.949711E-1	5.243280E-1	6.410651E-2
0.022750	-2.050128E-1	4.767617E-1	6.410651E-2
0.022813	-2.250962E-1	4.241885E-1	6.345955E-2
0.022875	-2.301171E-1	3.941466E-1	6.216564E-2
0.022938	-2.426692E-1	3.766222E-1	6.151868E-2
0.023000	-2.502005E-1	3.465804E-1	6.216564E-2
0.023063	-2.602422E-1	3.190420E-1	6.216564E-2
0.023125	-2.702839E-1	3.040211E-1	6.087172E-2
0.023188	-2.778152E-1	2.965106E-1	6.151868E-2
0.023250	-2.953881E-1	2.864967E-1	6.151868E-2
0.023313	-3.079403E-1	2.614618E-1	6.087172E-2
0.023375	-3.154716E-1	2.364269E-1	5.957781E-2
0.023438	-3.204924E-1	1.963711E-1	6.281260E-2
0.023500	-3.280237E-1	1.688328E-1	6.216564E-2
0.023563	-3.405758E-1	1.137561E-1	6.216564E-2
0.023625	-3.405758E-1	6.618980E-2	6.281260E-2
0.023688	-3.430862E-1	3.114098E-2	6.345955E-2
0.023750	-3.430862E-1	6.106114E-3	6.410651E-2
0.023813	-3.380654E-1	-2.894271E-2	6.345955E-2
0.023875	-3.380654E-1	-8.652291E-2	6.410651E-2
0.023938	-3.380654E-1	-1.140613E-1	6.216564E-2
0.024000	-3.330445E-1	-1.315857E-1	6.151868E-2
0.024063	-3.230028E-1	-1.741450E-1	6.151868E-2
0.024125	-3.179820E-1	-2.217112E-1	6.216564E-2
0.024188	-3.079403E-1	-2.392356E-1	6.216564E-2
0.024250	-2.928777E-1	-2.592635E-1	6.087172E-2
0.024313	-2.853464E-1	-2.943123E-1	6.022476E-2
0.024375	-2.753047E-1	-3.418786E-1	6.022476E-2
0.024438	-2.652630E-1	-3.644100E-1	6.087172E-2
0.024500	-2.527109E-1	-3.844379E-1	6.216564E-2
0.024563	-2.351379E-1	-4.169832E-1	6.151868E-2
0.024625	-2.250962E-1	-4.595425E-1	6.216564E-2
0.024688	-2.125441E-1	-4.820739E-1	6.151868E-2
0.024750	-1.949711E-1	-5.046053E-1	6.216564E-2
0.024813	-1.773981E-1	-5.321436E-1	6.410651E-2
0.024875	-1.598252E-1	-5.822134E-1	6.345955E-2
0.024938	-1.322105E-1	-6.147587E-1	6.345955E-2
0.025000	-1.121271E-1	-6.397936E-1	6.345955E-2
0.025063	-9.204367E-2	-6.698354E-1	6.216564E-2
0.025125	-7.196027E-2	-7.349261E-1	6.281260E-2
0.025188	-5.187686E-2	-7.900028E-1	6.345955E-2
0.025250	-2.426218E-2	-8.626039E-1	6.216564E-2
0.025313	8.420790E-4	-9.977922E-1	6.281260E-2
0.025375	1.841506E-2	-1.310728E+0	6.087172E-2
0.025438	3.849846E-2	-1.851481E+0	6.022476E-2
0.025500	5.105059E-2	-2.209480E+0	6.022476E-2
0.025563	7.364442E-2	-2.046753E+0	6.087172E-2
0.025625	9.121740E-2	-1.541049E+0	6.151868E-2
0.025688	1.113008E-1	-1.170533E+0	6.216564E-2
0.025750	1.188321E-1	-9.276946E-1	6.216564E-2
0.025813	1.389155E-1	-7.699749E-1	6.216564E-2
0.025875	1.539780E-1	-6.648284E-1	6.410651E-2
0.025938	1.690406E-1	-5.922273E-1	6.345955E-2
0.026000	1.866136E-1	-5.271366E-1	6.345955E-2
0.026063	2.041866E-1	-4.745634E-1	6.475347E-2
0.026125	2.167387E-1	-4.420181E-1	6.216564E-2
0.026188	2.267804E-1	-4.169832E-1	6.087172E-2
0.026250	2.443534E-1	-3.844379E-1	6.216564E-2
0.026313	2.569055E-1	-3.418786E-1	6.281260E-2
0.026375	2.669472E-1	-3.243542E-1	6.087172E-2
0.026438	2.769889E-1	-3.143402E-1	6.087172E-2
0.026500	2.870306E-1	-2.893054E-1	6.022476E-2
0.026563	2.895410E-1	-2.642705E-1	6.151868E-2
0.026625	3.020932E-1	-2.417391E-1	6.087172E-2
0.026688	3.071140E-1	-2.442426E-1	6.216564E-2
0.026750	3.196661E-1	-2.342287E-1	6.216564E-2
0.026813	3.196661E-1	-1.766484E-1	6.216564E-2
0.026875	3.246870E-1	-1.340892E-1	6.216564E-2
0.026938	3.322183E-1	-1.065508E-1	6.410651E-2
0.027000	3.297078E-1	-7.400547E-2	6.410651E-2
0.027063	3.397495E-1	-2.143224E-2	6.410651E-2
0.027125	3.422600E-1	2.363052E-2	6.345955E-2
0.027188	3.397495E-1	3.865145E-2	6.345955E-2
0.027250	3.372391E-1	6.869329E-2	6.087172E-2
0.027313	3.347287E-1	1.087491E-1	6.281260E-2
0.027375	3.372391E-1	1.513084E-1	6.216564E-2
0.027438	3.297078E-1	1.788467E-1	6.281260E-2
0.027500	3.196661E-1	2.063851E-1	5.957781E-2
0.027563	3.171557E-1	2.489444E-1	6.022476E-2
0.027625	2.970723E-1	2.890002E-1	6.087172E-2
0.027688	2.870306E-1	3.190420E-1	6.087172E-2
0.027750	2.744785E-1	3.415734E-1	6.216564E-2
0.027813	2.619263E-1	3.816292E-1	6.151868E-2
0.027875	2.418429E-1	4.166780E-1	6.281260E-2
0.027938	2.267804E-1	4.417129E-1	6.281260E-2
0.028000	2.117178E-1	4.567338E-1	6.216564E-2
0.028063	1.916344E-1	4.892791E-1	6.345955E-2
0.028125	1.765719E-1	4.191815E-1	6.345955E-2
0.028188	1.640197E-1	5.493628E-1	6.410651E-2
0.028250	1.439363E-1	6.044395E-1	6.345955E-2
0.028313	1.238529E-1	6.344814E-1	6.216564E-2
0.028375	1.037695E-1	6.645232E-1	6.216564E-2
0.028438	8.619655E-2	6.920616E-1	6.216564E-2
0.028500	6.360272E-2	7.296139E-1	6.216564E-2
0.028563	4.602974E-2	7.922011E-1	6.087172E-2
0.028625	2.594634E-2	8.973475E-1	6.087172E-2
0.028688	-1.668347E-3	1.105137E+0	6.151868E-2
0.028750	-2.175175E-2	1.520716E+0	6.087172E-2
0.028813	-4.183516E-2	2.018910E+0	6.216564E-2
0.028875	-6.191856E-2	2.176629E+0	6.216564E-2
0.028938	-8.200197E-2	1.856183E+0	6.216564E-2
0.029000	-1.071062E-1	1.375514E+0	6.216564E-2
0.029063	-1.221688E-1	1.052564E+0	6.151868E-2
0.029125	-1.422522E-1	8.648022E-1	6.345955E-2
0.029188	-1.522939E-1	7.396278E-1	6.475347E-2
0.029250	-1.648460E-1	6.344814E-1	6.345955E-2
0.029313	-1.824190E-1	5.493628E-1	6.345955E-2
0.029375	-1.949711E-1	4.992931E-1	6.216564E-2
0.029438	-2.075233E-1	4.617408E-1	6.281260E-2
0.029500	-2.175650E-1	4.141745E-1	6.281260E-2
0.029563	-2.250962E-1	3.791257E-1	6.281260E-2
0.029625	-2.376484E-1	3.616013E-1	6.087172E-2
0.029688	-2.502005E-1	3.440769E-1	6.087172E-2
0.029750	-2.652630E-1	3.190420E-1	6.087172E-2
0.029813	-2.803256E-1	2.965106E-1	6.151868E-2
0.029875	-2.853464E-1	2.814897E-1	6.151868E-2
0.029938	-2.953881E-1	2.789862E-1	6.216564E-2
0.030000	-3.104507E-1	2.589583E-1	6.216564E-2
0.030063	-3.204924E-1	2.289165E-1	6.216564E-2
0.030125	-3.280237E-1	1.838537E-1	6.345955E-2
0.030188	-3.330445E-1	1.563153E-1	6.345955E-2
0.030250	-3.355550E-1	1.112526E-1	6.410651E-2
0.030313	-3.355550E-1	6.368632E-2	6.345955E-2
0.030375	-3.355550E-1	1.612006E-2	6.410651E-2
0.030438	-3.355550E-1	-8.914809E-3	6.216564E-2
0.030500	-3.330445E-1	-3.895665E-2	6.216564E-2
0.030563	-3.280237E-1	-8.902640E-2	6.216564E-2
0.030625	-3.204924E-1	-1.190682E-1	6.216564E-2
0.030688	-3.204924E-1	-1.466066E-1	6.087172E-2
0.030750	-3.154716E-1	-1.691380E-1	6.087172E-2
0.030813	-3.129611E-1	-2.167042E-1	6.087172E-2
0.030875	-3.054299E-1	-2.492496E-1	6.022476E-2
0.030938	-2.953881E-1	-2.692775E-1	6.216564E-2
0.031000	-2.853464E-1	-3.018228E-1	6.216564E-2
0.031063	-2.727943E-1	-3.418786E-1	6.216564E-2
0.031125	-2.702839E-1	-3.794309E-1	6.151868E-2
0.031188	-2.527109E-1	-4.019623E-1	6.281260E-2
0.031250	-2.376484E-1	-4.269972E-1	6.475347E-2
0.031313	-2.225858E-1	-4.670530E-1	6.410651E-2
0.031375	-2.025024E-1	-4.995983E-1	6.281260E-2
0.031438	-1.824190E-1	-5.321436E-1	6.475347E-2
0.031500	-1.623356E-1	-5.496680E-1	6.216564E-2
0.031563	-1.472730E-1	-5.897238E-1	6.281260E-2
0.031625	-1.221688E-1	-6.297796E-1	6.216564E-2
0.031688	-9.957495E-2	-6.548145E-1	6.216564E-2
0.031750	-8.200197E-2	-6.848563E-1	6.087172E-2
0.031813	-5.940814E-2	-7.374296E-1	6.151868E-2
0.031875	-4.183516E-2	-8.075272E-1	6.087172E-2
0.031938	-2.426218E-2	-9.001562E-1	6.022476E-2
0.032000	-4.178772E-3	-1.072897E+0	6.087172E-2
0.032063	2.092548E-2	-1.440909E+0	6.216564E-2
0.032125	3.849846E-2	-1.951621E+0	6.087172E-2
0.032188	4.854017E-2	-2.151900E+0	6.216564E-2
0.032250	6.611315E-2	-1.876516E+0	6.281260E-2
0.032313	8.870698E-2	-1.400854E+0	6.345955E-2
0.032375	1.037695E-1	-1.082911E+0	6.475347E-2
0.032438	1.263634E-1	-8.776248E-1	6.345955E-2
0.032500	1.439363E-1	-7.399331E-1	6.475347E-2
0.032563	1.640197E-1	-6.397936E-1	6.216564E-2
0.032625	1.715510E-1	-5.797099E-1	6.151868E-2
0.032688	1.891240E-1	-5.271366E-1	6.216564E-2
0.032750	2.066970E-1	-4.595425E-1	6.216564E-2
0.032813	2.192491E-1	-4.144797E-1	6.216564E-2
0.032875	2.292908E-1	-3.944518E-1	6.151868E-2
0.032938	2.418429E-1	-3.769274E-1	6.022476E-2
0.033000	2.493742E-1	-3.393751E-1	6.087172E-2
0.033063	2.619263E-1	-3.068298E-1	6.087172E-2
0.033125	2.669472E-1	-2.918089E-1	6.281260E-2
0.033188	2.769889E-1	-2.893054E-1	6.216564E-2
0.033250	2.845202E-1	-2.642705E-1	6.216564E-2
0.033313	2.920515E-1	-2.442426E-1	6.216564E-2
0.033375	3.020932E-1	-2.467461E-1	6.410651E-2
0.033438	3.046036E-1	-2.392356E-1	6.410651E-2
0.033500	3.221766E-1	-1.816554E-1	6.345955E-2
0.033563	3.322183E-1	-1.315857E-1	6.410651E-2
0.033625	3.297078E-1	-9.152988E-2	6.216564E-2
0.033688	3.322183E-1	-6.899850E-2	6.216564E-2
0.033750	3.397495E-1	-2.643922E-2	6.281260E-2
0.033813	3.422600E-1	2.363052E-2	6.216564E-2
0.033875	3.447704E-1	5.867934E-2	6.087172E-2
0.033938	3.347287E-1	8.121073E-2	6.087172E-2
0.034000	3.322183E-1	1.187630E-1	6.151868E-2
0.034063	3.271974E-1	1.663293E-1	6.151868E-2
0.034125	3.196661E-1	2.038816E-1	6.022476E-2
0.034188	3.096244E-1	2.214060E-1	6.151868E-2
0.034250	3.020932E-1	2.489444E-1	6.216564E-2
0.034313	2.895410E-1	2.990141E-1	6.216564E-2
0.034375	2.769889E-1	3.290560E-1	6.281260E-2
0.034438	2.619263E-1	3.465804E-1	6.345955E-2
0.034500	2.518846E-1	3.791257E-1	6.410651E-2
0.034563	2.418429E-1	4.166780E-1	6.410651E-2
0.034625	2.292908E-1	4.442164E-1	6.475347E-2
0.034688	2.117178E-1	4.667477E-1	6.410651E-2
0.034750	1.941449E-1	4.892791E-1	6.216564E-2
0.034813	1.790823E-1	3.916431E-1	6.281260E-2
0.034875	1.640197E-1	5.618803E-1	6.281260E-2
0.034938	1.414259E-1	6.394884E-1	6.216564E-2
0.035000	1.213425E-1	6.520058E-1	6.087172E-2
0.035063	1.012591E-1	6.770407E-1	6.151868E-2
0.035125	7.615485E-2	7.120895E-1	6.022476E-2
0.035188	5.356102E-2	7.596557E-1	6.022476E-2
0.035250	3.347761E-2	8.197394E-1	6.216564E-2
0.035313	1.088378E-2	9.549277E-1	6.216564E-2
0.035375	-1.171005E-2	1.225304E+0	6.281260E-2
0.035438	-3.179345E-2	1.726002E+0	6.345955E-2
0.035500	-5.689771E-2	2.179133E+0	6.281260E-2
0.035563	-7.949154E-2	2.156602E+0	6.345955E-2
0.035625	-8.953325E-2	1.693456E+0	6.475347E-2
0.035688	-1.045958E-1	1.247836E+0	6.475347E-2
0.035750	-1.246792E-1	9.699487E-1	6.216564E-2
0.035813	-1.422522E-1	8.022150E-1	6.216564E-2
0.035875	-1.522939E-1	6.970686E-1	6.216564E-2
0.035938	-1.673564E-1	6.044395E-1	6.216564E-2
0.036000	-1.824190E-1	5.368454E-1	6.281260E-2
0.036063	-1.924607E-1	4.867756E-1	6.087172E-2
0.036125	-2.100337E-1	4.542303E-1	6.087172E-2
0.036188	-2.276067E-1	4.191815E-1	6.087172E-2
0.036250	-2.376484E-1	3.841327E-1	6.087172E-2
0.036313	-2.502005E-1	3.540908E-1	6.216564E-2
0.036375	-2.627526E-1	3.465804E-1	6.216564E-2
0.036438	-2.778152E-1	3.315594E-1	6.216564E-2
0.036500	-2.903673E-1	2.915036E-1	6.281260E-2
0.036563	-2.978986E-1	2.714757E-1	6.475347E-2
0.036625	-3.054299E-1	2.614618E-1	6.345955E-2
0.036688	-3.079403E-1	2.414339E-1	6.475347E-2
0.036750	-3.179820E-1	1.863572E-1	6.345955E-2
0.036813	-3.280237E-1	1.488049E-1	6.216564E-2
0.036875	-3.280237E-1	1.212665E-1	6.281260E-2
0.036938	-3.280237E-1	8.621770E-2	6.216564E-2
0.037000	-3.330445E-1	3.865145E-2	6.216564E-2
0.037063	-3.330445E-1	3.602626E-3	6.216564E-2
0.037125	-3.330445E-1	-2.143224E-2	6.087172E-2
0.037188	-3.305341E-1	-4.396363E-2	6.087172E-2
0.037250	-3.355550E-1	-8.902640E-2	6.022476E-2
0.037313	-3.330445E-1	-1.340892E-1	6.022476E-2
0.037375	-3.255133E-1	-1.616275E-1	6.216564E-2
0.037438	-3.179820E-1	-1.816554E-1	6.216564E-2
0.037500	-3.179820E-1	-2.192077E-1	6.216564E-2
0.037563	-3.129611E-1	-2.717810E-1	6.151868E-2
0.037625	-3.004090E-1	-2.968158E-1	6.345955E-2
0.037688	-2.903673E-1	-3.193472E-1	6.475347E-2
0.037750	-2.753047E-1	-3.493891E-1	6.345955E-2
0.037813	-2.577318E-1	-3.944518E-1	6.345955E-2
0.037875	-2.426692E-1	-4.295006E-1	6.410651E-2
0.037938	-2.276067E-1	-4.495285E-1	6.216564E-2
0.038000	-2.125441E-1	-4.770669E-1	6.216564E-2
0.038063	-1.924607E-1	-5.221297E-1	6.216564E-2
0.038125	-1.723773E-1	-5.471645E-1	6.216564E-2
0.038188	-1.497835E-1	-5.621855E-1	6.151868E-2
0.038250	-1.347209E-1	-5.897238E-1	6.087172E-2
0.038313	-1.196584E-1	-6.322831E-1	6.087172E-2
0.038375	-9.957495E-2	-6.698354E-1	6.151868E-2
0.038438	-7.949154E-2	-6.973738E-1	6.087172E-2
0.038500	-5.689771E-2	-7.424365E-1	6.216564E-2
0.038563	-3.681431E-2	-8.200446E-1	6.216564E-2
0.038625	-2.426218E-2	-9.427155E-1	6.216564E-2
0.038688	-1.668347E-3	-1.170533E+0	6.216564E-2
0.038750	2.092548E-2	-1.593622E+0	6.410651E-2
0.038813	4.100889E-2	-2.074292E+0	6.410651E-2
0.038875	6.611315E-2	-2.144389E+0	6.345955E-2
0.038938	8.368613E-2	-1.753845E+0	6.410651E-2
0.039000	1.037695E-1	-1.298211E+0	6.281260E-2
0.039063	1.213425E-1	-1.012813E+0	6.216564E-2
0.039125	1.338946E-1	-8.425760E-1	6.216564E-2
0.039188	1.564885E-1	-7.148982E-1	6.281260E-2
0.039250	1.690406E-1	-6.072482E-1	6.151868E-2
0.039313	1.891240E-1	-5.421576E-1	6.022476E-2
0.039375	1.991657E-1	-4.970948E-1	6.151868E-2
0.039438	2.066970E-1	-4.495285E-1	6.087172E-2
0.039500	2.217595E-1	-3.944518E-1	6.087172E-2
0.039563	2.318012E-1	-3.644100E-1	6.216564E-2
0.039625	2.418429E-1	-3.518925E-1	6.281260E-2
0.039688	2.468638E-1	-3.293612E-1	6.216564E-2
0.039750	2.594159E-1	-3.018228E-1	6.216564E-2
0.039813	2.694576E-1	-2.842984E-1	6.475347E-2
0.039875	2.769889E-1	-2.792914E-1	6.345955E-2
0.039938	2.920515E-1	-2.667740E-1	6.281260E-2
0.040000	3.020932E-1	-2.417391E-1	6.345955E-2
0.040063	3.096244E-1	-2.267182E-1	6.410651E-2
0.040125	3.146453E-1	-2.167042E-1	6.216564E-2
0.040188	3.246870E-1	-1.841589E-1	6.281260E-2
0.040250	3.372391E-1	-1.315857E-1	6.281260E-2
0.040313	3.397495E-1	-7.901245E-2	6.281260E-2
0.040375	3.397495E-1	-4.897060E-2	6.022476E-2
0.040438	3.447704E-1	-1.892876E-2	6.022476E-2
0.040500	3.372391E-1	2.863750E-2	6.151868E-2
0.040563	3.372391E-1	7.870724E-2	6.087172E-2
0.040625	3.322183E-1	1.037421E-1	6.087172E-2
0.040688	3.246870E-1	1.287770E-1	6.216564E-2
0.040750	3.246870E-1	1.738398E-1	6.216564E-2
0.040813	3.121349E-1	2.138955E-1	6.216564E-2
0.040875	3.020932E-1	2.389304E-1	6.216564E-2
0.040938	2.920515E-1	2.514479E-1	6.410651E-2
0.041000	2.769889E-1	2.965106E-1	6.410651E-2
0.041063	2.794993E-1	3.390699E-1	6.475347E-2
0.041125	2.669472E-1	3.616013E-1	6.475347E-2
0.041188	2.493742E-1	3.766222E-1	6.216564E-2
0.041250	2.393325E-1	4.116710E-1	6.216564E-2
0.041313	2.292908E-1	4.517268E-1	6.216564E-2
0.041375	2.117178E-1	4.767617E-1	6.216564E-2
0.041438	1.891240E-1	4.992931E-1	6.216564E-2
0.041500	1.740615E-1	5.869151E-1	6.151868E-2
0.041563	1.564885E-1	6.394884E-1	6.151868E-2
0.041625	1.313842E-1	6.344814E-1	6.022476E-2
0.041688	1.087904E-1	6.469988E-1	6.151868E-2
0.041750	8.870698E-2	6.720337E-1	6.216564E-2
0.041813	6.611315E-2	7.321174E-1	6.281260E-2
0.041875	3.849846E-2	7.871941E-1	6.216564E-2
0.041938	1.841506E-2	8.572917E-1	6.151868E-2
0.042000	-1.668347E-3	1.015011E+0	6.345955E-2
0.042063	-2.426218E-2	1.352982E+0	6.475347E-2
0.042125	-3.681431E-2	1.876211E+0	6.345955E-2
0.042188	-5.940814E-2	2.159105E+0	6.345955E-2
0.042250	-7.698112E-2	1.966337E+0	6.216564E-2
0.042313	-9.957495E-2	1.493177E+0	6.216564E-2
0.042375	-1.071062E-1	1.145193E+0	6.216564E-2
0.042438	-1.246792E-1	9.098650E-1	6.281260E-2
0.042500	-1.422522E-1	7.621592E-1	6.087172E-2
0.042563	-1.573147E-1	6.670267E-1	6.022476E-2
0.042625	-1.748877E-1	5.944256E-1	6.087172E-2
0.042688	-1.899503E-1	5.293349E-1	6.022476E-2
0.042750	-2.025024E-1	4.742582E-1	6.216564E-2
0.042813	-2.175650E-1	4.367059E-1	6.345955E-2
0.042875	-2.376484E-1	4.116710E-1	6.216564E-2
0.042938	-2.451796E-1	3.791257E-1	6.216564E-2
0.043000	-2.602422E-1	3.340629E-1	6.216564E-2
0.043063	-2.727943E-1	3.215455E-1	6.345955E-2
0.043125	-2.778152E-1	3.065246E-1	6.475347E-2
0.043188	-2.853464E-1	2.965106E-1	6.345955E-2
0.043250	-2.953881E-1	2.664688E-1	6.345955E-2
0.043313	-3.054299E-1	2.539513E-1	6.216564E-2
0.043375	-3.129611E-1	2.464409E-1	6.281260E-2
0.043438	-3.154716E-1	2.013781E-1	6.281260E-2
0.043500	-3.230028E-1	1.563153E-1	6.216564E-2
0.043563	-3.280237E-1	1.162595E-1	6.022476E-2
0.043625	-3.280237E-1	9.122468E-2	6.087172E-2
0.043688	-3.380654E-1	5.116888E-2	6.087172E-2
0.043750	-3.405758E-1	1.111309E-2	6.087172E-2
0.043813	-3.455967E-1	-3.144619E-2	6.087172E-2
0.043875	-3.380654E-1	-6.148804E-2	6.216564E-2
0.043938	-3.355550E-1	-9.403337E-2	6.281260E-2
0.044000	-3.380654E-1	-1.340892E-1	6.216564E-2
0.044063	-3.330445E-1	-1.766484E-1	6.216564E-2
0.044125	-3.255133E-1	-2.016833E-1	6.410651E-2
0.044188	-3.154716E-1	-2.267182E-1	6.281260E-2
0.044250	-3.029194E-1	-2.742844E-1	6.410651E-2
0.044313	-2.878569E-1	-3.168437E-1	6.345955E-2
0.044375	-2.803256E-1	-3.318646E-1	6.216564E-2
0.044438	-2.702839E-1	-3.594030E-1	6.151868E-2
0.044500	-2.476901E-1	-3.994588E-1	6.216564E-2
0.044563	-2.326275E-1	-4.370111E-1	6.151868E-2
0.044625	-2.175650E-1	-4.570390E-1	6.087172E-2
0.044688	-1.949711E-1	-4.720599E-1	6.151868E-2
0.044750	-1.874398E-1	-5.121157E-1	6.087172E-2
0.044813	-1.748877E-1	-5.571785E-1	6.087172E-2
0.044875	-1.522939E-1	-5.747029E-1	6.087172E-2
0.044938	-1.322105E-1	-5.947308E-1	6.216564E-2
0.045000	-1.121271E-1	-6.322831E-1	6.216564E-2
0.045063	-9.706452E-2	-6.798494E-1	6.216564E-2
0.045125	-8.451239E-2	-7.274156E-1	6.216564E-2
0.045188	-5.689771E-2	-7.724784E-1	6.345955E-2
0.045250	-3.430388E-2	-8.550935E-1	6.410651E-2
0.045313	-9.199624E-3	-1.002799E+0	6.345955E-2
0.045375	1.088378E-2	-1.318239E+0	6.345955E-2
0.045438	3.347761E-2	-1.833957E+0	6.216564E-2
0.045500	5.356102E-2	-2.206977E+0	6.281260E-2
0.045563	7.866527E-2	-2.074292E+0	6.216564E-2
0.045625	9.874868E-2	-1.563580E+0	6.216564E-2
0.045688	1.163217E-1	-1.168029E+0	6.216564E-2
0.045750	1.338946E-1	-9.251911E-1	6.087172E-2
0.045813	1.464468E-1	-7.849958E-1	6.087172E-2
0.045875	1.539780E-1	-6.773459E-1	6.087172E-2
0.045938	1.740615E-1	-5.822134E-1	6.087172E-2
0.046000	1.891240E-1	-5.146192E-1	6.151868E-2
0.046063	2.016761E-1	-4.745634E-1	6.216564E-2
0.046125	2.066970E-1	-4.370111E-1	6.216564E-2
0.046188	2.217595E-1	-4.044658E-1	6.216564E-2
0.046250	2.318012E-1	-3.619065E-1	6.345955E-2
0.046313	2.443534E-1	-3.493891E-1	6.281260E-2
0.046375	2.594159E-1	-3.318646E-1	6.345955E-2
0.046438	2.744785E-1	-3.068298E-1	6.475347E-2
0.046500	2.845202E-1	-2.842984E-1	6.216564E-2
0.046563	2.920515E-1	-2.692775E-1	6.216564E-2
0.046625	3.020932E-1	-2.667740E-1	6.216564E-2
0.046688	3.121349E-1	-2.442426E-1	6.281260E-2
0.046750	3.221766E-1	-2.242147E-1	6.216564E-2
0.046813	3.297078E-1	-1.891659E-1	6.087172E-2
0.046875	3.347287E-1	-1.566206E-1	6.022476E-2
0.046938	3.372391E-1	-1.165648E-1	6.022476E-2
0.047000	3.397495E-1	-5.898455E-2	6.022476E-2
0.047063	3.422600E-1	-1.892876E-2	6.216564E-2
0.047125	3.422600E-1	8.609601E-3	6.216564E-2
0.047188	3.322183E-1	4.365842E-2	6.216564E-2
0.047250	3.347287E-1	8.872119E-2	6.216564E-2
0.047313	3.297078E-1	1.187630E-1	6.410651E-2
0.047375	3.246870E-1	1.412944E-1	6.345955E-2
0.047438	3.246870E-1	1.788467E-1	6.281260E-2
0.047500	3.171557E-1	2.163990E-1	6.345955E-2
0.047563	3.096244E-1	2.489444E-1	6.151868E-2
0.047625	2.995827E-1	2.689723E-1	6.151868E-2
0.047688	2.920515E-1	2.965106E-1	6.216564E-2
0.047750	2.820098E-1	3.490839E-1	6.216564E-2
0.047813	2.694576E-1	3.841327E-1	6.022476E-2
0.047875	2.543951E-1	4.016571E-1	6.087172E-2
0.047938	2.393325E-1	4.216850E-1	6.022476E-2
0.048000	2.192491E-1	4.667477E-1	6.087172E-2
0.048063	2.016761E-1	5.093070E-1	6.216564E-2
0.048125	1.815927E-1	6.194605E-1	6.216564E-2
0.048188	1.589989E-1	5.743977E-1	6.216564E-2
0.048250	1.338946E-1	6.019361E-1	6.216564E-2
0.048313	1.188321E-1	6.444953E-1	6.216564E-2
0.048375	9.874868E-2	6.695302E-1	6.345955E-2
0.048438	7.615485E-2	6.870546E-1	6.410651E-2
0.048500	5.858187E-2	7.321174E-1	6.410651E-2
0.048563	4.100889E-2	7.922011E-1	6.410651E-2
0.048625	2.092548E-2	8.923406E-1	6.281260E-2
0.048688	-4.178772E-3	1.080102E+0	6.216564E-2
0.048750	-1.673090E-2	1.500688E+0	6.281260E-2
0.048813	-3.681431E-2	2.023917E+0	6.216564E-2
0.048875	-5.438729E-2	2.174126E+0	6.087172E-2
0.048938	-7.949154E-2	1.848673E+0	6.022476E-2
0.049000	-9.204367E-2	1.373010E+0	6.087172E-2
0.049063	-1.196584E-1	1.072592E+0	6.151868E-2
0.049125	-1.372313E-1	8.723127E-1	6.087172E-2
0.049188	-1.522939E-1	7.346209E-1	6.216564E-2
0.049250	-1.648460E-1	6.344814E-1	6.151868E-2
0.049313	-1.849294E-1	5.743977E-1	6.216564E-2
0.049375	-1.974815E-1	5.118105E-1	6.216564E-2
0.049438	-2.150545E-1	4.542303E-1	6.410651E-2
0.049500	-2.276067E-1	4.166780E-1	6.410651E-2
0.049563	-2.326275E-1	3.941466E-1	6.410651E-2
0.049625	-2.426692E-1	3.616013E-1	6.410651E-2
0.049688	-2.552213E-1	3.265525E-1	6.216564E-2
0.049750	-2.702839E-1	3.015176E-1	6.216564E-2
0.049813	-2.702839E-1	2.940071E-1	6.216564E-2
0.049875	-2.778152E-1	2.864967E-1	6.216564E-2
0.049938	-2.928777E-1	2.614618E-1	6.087172E-2
0.050000	-2.978986E-1	2.389304E-1	6.087172E-2
0.050063	-3.104507E-1	2.314200E-1	6.087172E-2
0.050125	-3.154716E-1	2.013781E-1	6.022476E-2
0.050188	-3.255133E-1	1.488049E-1	6.151868E-2
0.050250	-3.305341E-1	1.037421E-1	6.216564E-2
0.050313	-3.355550E-1	7.119678E-2	6.151868E-2
0.050375	-3.430862E-1	3.865145E-2	6.216564E-2
0.050438	-3.430862E-1	-6.411322E-3	6.216564E-2
0.050500	-3.455967E-1	-5.397758E-2	6.281260E-2
0.050563	-3.430862E-1	-7.901245E-2	6.410651E-2
0.050625	-3.330445E-1	-1.015438E-1	6.410651E-2
0.050688	-3.255133E-1	-1.491101E-1	6.410651E-2
0.050750	-3.204924E-1	-1.941729E-1	6.216564E-2
0.050813	-3.154716E-1	-2.192077E-1	6.216564E-2
0.050875	-2.978986E-1	-2.442426E-1	6.345955E-2
0.050938	-2.903673E-1	-2.692775E-1	6.281260E-2
0.051000	-2.778152E-1	-3.218507E-1	6.281260E-2
0.051063	-2.702839E-1	-3.493891E-1	6.022476E-2
0.051125	-2.552213E-1	-3.669135E-1	6.022476E-2
0.051188	-2.451796E-1	-3.994588E-1	6.087172E-2
0.051250	-2.301171E-1	-4.295006E-1	6.151868E-2
0.051313	-2.175650E-1	-4.645495E-1	6.216564E-2
0.051375	-1.949711E-1	-4.895843E-1	6.216564E-2
0.051438	-1.899503E-1	-5.096122E-1	6.216564E-2
0.051500	-1.698669E-1	-5.596820E-1	6.216564E-2
0.051563	-1.522939E-1	-5.972343E-1	6.410651E-2
0.051625	-1.297001E-1	-6.147587E-1	6.345955E-2
0.051688	-1.096167E-1	-6.473040E-1	6.345955E-2
0.051750	-9.204367E-2	-6.923668E-1	6.345955E-2
0.051813	-6.693941E-2	-7.574575E-1	6.410651E-2
0.051875	-4.685601E-2	-8.050237E-1	6.151868E-2
0.051938	-2.677260E-2	-8.926458E-1	6.281260E-2
0.052000	3.352505E-3	-1.082911E+0	6.216564E-2
0.052063	2.343591E-2	-1.440909E+0	6.087172E-2
0.052125	4.100889E-2	-1.941607E+0	5.957781E-2
0.052188	5.858187E-2	-2.146893E+0	6.022476E-2
0.052250	7.866527E-2	-1.889034E+0	6.022476E-2
0.052313	9.623825E-2	-1.418378E+0	6.087172E-2
0.052375	1.113008E-1	-1.077904E+0	6.087172E-2
0.052438	1.288738E-1	-8.651074E-1	6.216564E-2
0.052500	1.439363E-1	-7.299191E-1	6.151868E-2
0.052563	1.489572E-1	-6.498075E-1	6.216564E-2
0.052625	1.640197E-1	-5.747029E-1	6.151868E-2
0.052688	1.790823E-1	-5.096122E-1	6.410651E-2
0.052750	1.916344E-1	-4.595425E-1	6.345955E-2
0.052813	2.117178E-1	-4.320041E-1	6.410651E-2
0.052875	2.242700E-1	-3.994588E-1	6.410651E-2
0.052938	2.393325E-1	-3.644100E-1	6.151868E-2
0.053000	2.493742E-1	-3.393751E-1	6.281260E-2
0.053063	2.594159E-1	-3.318646E-1	6.281260E-2
0.053125	2.744785E-1	-3.168437E-1	6.216564E-2
0.053188	2.845202E-1	-2.792914E-1	6.216564E-2
0.053250	2.945619E-1	-2.592635E-1	6.151868E-2
0.053313	3.046036E-1	-2.617670E-1	6.151868E-2
0.053375	3.071140E-1	-2.517531E-1	6.022476E-2
0.053438	3.146453E-1	-2.217112E-1	6.087172E-2
0.053500	3.221766E-1	-1.691380E-1	6.281260E-2
0.053563	3.246870E-1	-1.290822E-1	6.216564E-2
0.053625	3.246870E-1	-1.065508E-1	6.281260E-2
0.053688	3.297078E-1	-4.646712E-2	6.216564E-2
0.053750	3.347287E-1	-1.404348E-3	6.281260E-2
0.053813	3.297078E-1	2.112704E-2	6.410651E-2
0.053875	3.271974E-1	5.116888E-2	6.345955E-2
0.053938	3.372391E-1	9.122468E-2	6.410651E-2
0.054000	3.322183E-1	1.287770E-1	6.410651E-2
0.054063	3.246870E-1	1.463014E-1	6.281260E-2
0.054125	3.196661E-1	1.763432E-1	6.281260E-2
0.054188	3.196661E-1	2.113921E-1	6.216564E-2
0.054250	3.121349E-1	2.614618E-1	6.281260E-2
0.054313	2.995827E-1	2.940071E-1	6.281260E-2
0.054375	2.895410E-1	3.090281E-1	6.151868E-2
0.054438	2.769889E-1	3.490839E-1	6.087172E-2
0.054500	2.594159E-1	3.916431E-1	6.087172E-2
0.054563	2.443534E-1	4.216850E-1	6.087172E-2
0.054625	2.267804E-1	4.392094E-1	6.216564E-2
0.054688	2.092074E-1	4.742582E-1	6.216564E-2
0.054750	1.841032E-1	5.143140E-1	6.216564E-2
0.054813	1.715510E-1	6.545093E-1	6.281260E-2
0.054875	1.489572E-1	5.693907E-1	6.345955E-2
0.054938	1.288738E-1	5.743977E-1	6.345955E-2
0.055000	1.188321E-1	6.269709E-1	6.475347E-2
0.055063	9.874868E-2	6.670267E-1	6.345955E-2
0.055125	7.364442E-2	6.920616E-1	6.410651E-2
0.055188	5.356102E-2	7.396278E-1	6.216564E-2
0.055250	3.598804E-2	8.197394E-1	6.281260E-2
0.055313	1.841506E-2	9.449138E-1	6.281260E-2
0.055375	-1.668347E-3	1.202773E+0	6.216564E-2
0.055438	-2.426218E-2	1.698463E+0	6.087172E-2
0.055500	-4.183516E-2	2.179133E+0	6.087172E-2
0.055563	-6.944984E-2	2.164112E+0	6.022476E-2
0.055625	-8.702282E-2	1.703470E+0	6.087172E-2
0.055688	-1.045958E-1	1.267864E+0	6.216564E-2
0.055750	-1.246792E-1	9.974870E-1	6.216564E-2
0.055813	-1.472730E-1	8.347604E-1	6.281260E-2
0.055875	-1.648460E-1	6.995721E-1	6.216564E-2
0.055938	-1.773981E-1	6.069430E-1	6.345955E-2
0.056000	-1.924607E-1	5.468593E-1	6.345955E-2
0.056063	-1.999920E-1	5.043001E-1	6.410651E-2
0.056125	-2.150545E-1	4.542303E-1	6.345955E-2
0.056188	-2.276067E-1	3.966501E-1	6.345955E-2
0.056250	-2.426692E-1	3.716152E-1	6.281260E-2
0.056313	-2.527109E-1	3.540908E-1	6.216564E-2
0.056375	-2.552213E-1	3.290560E-1	6.281260E-2
0.056438	-2.652630E-1	3.040211E-1	6.281260E-2
0.056500	-2.778152E-1	2.890002E-1	6.022476E-2
0.056563	-2.878569E-1	2.789862E-1	6.022476E-2
0.056625	-3.029194E-1	2.639653E-1	6.151868E-2
0.056688	-3.079403E-1	2.289165E-1	6.022476E-2
0.056750	-3.179820E-1	2.013781E-1	6.281260E-2
0.056813	-3.255133E-1	1.813502E-1	6.216564E-2
0.056875	-3.380654E-1	1.412944E-1	6.216564E-2
0.056938	-3.430862E-1	7.119678E-2	6.216564E-2
0.057000	-3.455967E-1	3.865145E-2	6.345955E-2
0.057063	-3.430862E-1	1.361657E-2	6.345955E-2
0.057125	-3.380654E-1	-1.392178E-2	6.345955E-2
0.057188	-3.380654E-1	-5.898455E-2	6.345955E-2
0.057250	-3.355550E-1	-1.065508E-1	6.410651E-2
0.057313	-3.330445E-1	-1.340892E-1	6.216564E-2
0.057375	-3.255133E-1	-1.591240E-1	6.281260E-2
0.057438	-3.129611E-1	-1.991798E-1	6.281260E-2
0.057500	-3.079403E-1	-2.367321E-1	6.216564E-2
0.057563	-2.978986E-1	-2.592635E-1	6.151868E-2
0.057625	-2.853464E-1	-2.792914E-1	6.087172E-2
0.057688	-2.828360E-1	-3.243542E-1	6.087172E-2
0.057750	-2.727943E-1	-3.594030E-1	6.022476E-2
0.057813	-2.577318E-1	-3.819344E-1	6.216564E-2
0.057875	-2.426692E-1	-3.994588E-1	6.281260E-2
0.057938	-2.326275E-1	-4.445216E-1	6.281260E-2
0.058000	-2.175650E-1	-4.895843E-1	6.216564E-2
0.058063	-1.999920E-1	-5.071087E-1	6.410651E-2
0.058125	-1.824190E-1	-5.296401E-1	6.345955E-2
0.058188	-1.598252E-1	-5.646890E-1	6.410651E-2
0.058250	-1.397418E-1	-6.097517E-1	6.475347E-2
0.058313	-1.196584E-1	-6.397936E-1	6.216564E-2
0.058375	-9.957495E-2	-6.648284E-1	6.281260E-2
0.058438	-7.949154E-2	-7.073877E-1	6.216564E-2
0.058500	-5.438729E-2	-7.674714E-1	6.151868E-2
0.058563	-3.179345E-2	-8.300586E-1	6.216564E-2
0.058625	-1.171005E-2	-9.301981E-1	6.022476E-2
0.058688	1.088378E-2	-1.160519E+0	6.022476E-2
0.058750	2.845676E-2	-1.593622E+0	6.087172E-2
0.058813	4.602974E-2	-2.071788E+0	6.087172E-2
0.058875	6.862357E-2	-2.129368E+0	6.281260E-2
0.058938	8.619655E-2	-1.743831E+0	6.281260E-2
0.059000	9.623825E-2	-1.305721E+0	6.151868E-2
0.059063	1.113008E-1	-1.022827E+0	6.216564E-2
0.059125	1.313842E-1	-8.300586E-1	6.281260E-2
0.059188	1.464468E-1	-6.998773E-1	6.345955E-2
0.059250	1.615093E-1	-6.172622E-1	6.410651E-2
0.059313	1.790823E-1	-5.546750E-1	6.475347E-2
0.059375	1.941449E-1	-4.970948E-1	6.410651E-2
0.059438	2.092074E-1	-4.470251E-1	6.216564E-2
0.059500	2.217595E-1	-4.194867E-1	6.216564E-2
0.059563	2.343117E-1	-3.919483E-1	6.216564E-2
0.059625	2.493742E-1	-3.518925E-1	6.281260E-2
0.059688	2.594159E-1	-3.218507E-1	6.151868E-2
0.059750	2.719681E-1	-3.118368E-1	6.087172E-2
0.059813	2.719681E-1	-2.993193E-1	6.022476E-2
0.059875	2.845202E-1	-2.767879E-1	6.022476E-2
0.059938	2.920515E-1	-2.417391E-1	6.087172E-2
0.060000	3.020932E-1	-2.342287E-1	6.151868E-2
0.060063	3.071140E-1	-2.342287E-1	6.281260E-2
0.060125	3.046036E-1	-2.041868E-1	6.216564E-2
0.060188	3.196661E-1	-1.616275E-1	6.216564E-2
0.060250	3.221766E-1	-1.265787E-1	6.345955E-2
0.060313	3.246870E-1	-9.403337E-2	6.345955E-2
0.060375	3.297078E-1	-5.397758E-2	6.410651E-2
0.060438	3.397495E-1	-1.404348E-3	6.410651E-2
0.060500	3.397495E-1	2.863750E-2	6.345955E-2
0.060563	3.372391E-1	4.866539E-2	6.216564E-2
0.060625	3.322183E-1	8.621770E-2	6.281260E-2
0.060688	3.372391E-1	1.287770E-1	6.281260E-2
0.060750	3.322183E-1	1.713363E-1	6.216564E-2
0.060813	3.221766E-1	1.938676E-1	6.022476E-2
0.060875	3.171557E-1	2.239095E-1	6.087172E-2
0.060938	3.046036E-1	2.714757E-1	6.087172E-2
0.061000	2.895410E-1	3.090281E-1	6.087172E-2
0.061063	2.769889E-1	3.290560E-1	6.087172E-2
0.061125	2.644368E-1	3.590978E-1	6.281260E-2
0.061188	2.543951E-1	4.016571E-1	6.216564E-2
0.061250	2.318012E-1	4.367059E-1	6.216564E-2
0.061313	2.167387E-1	4.517268E-1	6.216564E-2
0.061375	1.991657E-1	4.692512E-1	6.475347E-2
0.061438	1.866136E-1	4.517268E-1	6.345955E-2
0.061500	1.665302E-1	4.842722E-1	6.410651E-2
0.061563	1.564885E-1	5.568733E-1	6.410651E-2
0.061625	1.288738E-1	6.019361E-1	6.475347E-2
0.061688	1.062800E-1	6.520058E-1	6.216564E-2
0.061750	8.870698E-2	6.845511E-1	6.216564E-2
0.061813	7.113400E-2	7.120895E-1	6.216564E-2
0.061875	5.105059E-2	7.621592E-1	6.216564E-2
0.061938	3.096719E-2	8.547883E-1	6.087172E-2
0.062000	8.373356E-3	1.027529E+0	6.087172E-2
0.062063	-1.422048E-2	1.352982E+0	6.216564E-2
0.062125	-3.932473E-2	1.876211E+0	6.087172E-2
0.062188	-5.689771E-2	2.176629E+0	6.216564E-2
0.062250	-7.698112E-2	1.993875E+0	6.151868E-2
0.062313	-9.706452E-2	1.508198E+0	6.216564E-2
0.062375	-1.246792E-1	1.140186E+0	6.216564E-2
0.062438	-1.372313E-1	9.123685E-1	6.151868E-2
0.062500	-1.522939E-1	7.721732E-1	6.410651E-2
0.062563	-1.673564E-1	6.745372E-1	6.345955E-2
0.062625	-1.748877E-1	5.844116E-1	6.345955E-2
0.062688	-1.924607E-1	5.143140E-1	6.281260E-2
0.062750	-2.025024E-1	4.692512E-1	6.281260E-2
0.062813	-2.175650E-1	4.392094E-1	6.281260E-2
0.062875	-2.250962E-1	3.916431E-1	6.216564E-2
0.062937	-2.376484E-1	3.616013E-1	6.151868E-2
0.063000	-2.451796E-1	3.540908E-1	6.216564E-2
0.063062	-2.577318E-1	3.340629E-1	6.022476E-2
0.063125	-2.702839E-1	3.015176E-1	5.957781E-2
0.063187	-2.878569E-1	2.814897E-1	6.022476E-2
0.063250	-2.928777E-1	2.814897E-1	6.087172E-2
0.063312	-3.004090E-1	2.764827E-1	6.281260E-2
0.063375	-3.129611E-1	2.489444E-1	6.281260E-2
0.063437	-3.280237E-1	1.863572E-1	6.216564E-2
0.063500	-3.355550E-1	1.538119E-1	6.281260E-2
0.063562	-3.380654E-1	1.237700E-1	6.345955E-2
0.063625	-3.430862E-1	7.370027E-2	6.410651E-2
0.063687	-3.430862E-1	2.863750E-2	6.410651E-2
0.063750	-3.405758E-1	-1.392178E-2	6.410651E-2
0.063812	-3.355550E-1	-3.394968E-2	6.281260E-2
0.063875	-3.355550E-1	-6.899850E-2	6.216564E-2
0.063937	-3.330445E-1	-1.190682E-1	6.151868E-2
0.064000	-3.204924E-1	-1.441031E-1	6.345955E-2
0.064062	-3.154716E-1	-1.591240E-1	6.087172E-2
0.064125	-3.104507E-1	-1.916694E-1	6.087172E-2
0.064187	-3.054299E-1	-2.467461E-1	6.087172E-2
0.064250	-3.029194E-1	-2.717810E-1	6.022476E-2
0.064312	-2.878569E-1	-2.842984E-1	6.151868E-2
0.064375	-2.753047E-1	-3.218507E-1	6.281260E-2
0.064437	-2.677735E-1	-3.594030E-1	6.216564E-2
0.064500	-2.577318E-1	-3.969553E-1	6.216564E-2
0.064562	-2.451796E-1	-4.194867E-1	6.216564E-2
0.064625	-2.276067E-1	-4.445216E-1	6.281260E-2
0.064687	-2.100337E-1	-4.895843E-1	6.281260E-2
0.064750	-1.924607E-1	-5.246332E-1	6.410651E-2
0.064812	-1.723773E-1	-5.496680E-1	6.281260E-2
0.064875	-1.522939E-1	-5.747029E-1	6.216564E-2
0.064937	-1.347209E-1	-6.122552E-1	6.216564E-2
0.065000	-1.071062E-1	-6.523110E-1	6.216564E-2
0.065062	-8.702282E-2	-6.823528E-1	6.151868E-2
0.065125	-6.442899E-2	-7.098912E-1	6.216564E-2
0.065187	-4.434558E-2	-7.749819E-1	6.022476E-2
0.065250	-2.677260E-2	-8.601004E-1	6.087172E-2
0.065312	-1.171005E-2	-9.927853E-1	6.022476E-2
0.065375	1.088378E-2	-1.283190E+0	6.022476E-2
0.065437	3.096719E-2	-1.821439E+0	6.281260E-2
0.065500	5.356102E-2	-2.201970E+0	6.151868E-2
0.065562	6.611315E-2	-2.069285E+0	6.216564E-2
0.065625	8.870698E-2	-1.566084E+0	6.281260E-2
0.065687	1.037695E-1	-1.180547E+0	6.345955E-2
0.065750	1.188321E-1	-9.477225E-1	6.475347E-2
0.065812	1.414259E-1	-7.900028E-1	6.410651E-2
0.065875	1.615093E-1	-6.723389E-1	6.410651E-2
0.065937	1.765719E-1	-5.897238E-1	6.410651E-2
0.066000	1.841032E-1	-5.396541E-1	6.151868E-2
0.066062	1.991657E-1	-4.845774E-1	6.216564E-2
0.066125	2.242700E-1	-4.320041E-1	6.216564E-2
0.066187	2.343117E-1	-3.994588E-1	6.216564E-2
0.066250	2.443534E-1	-3.819344E-1	6.022476E-2
0.066312	2.543951E-1	-3.594030E-1	6.022476E-2
0.066375	2.594159E-1	-3.243542E-1	6.151868E-2
0.066437	2.694576E-1	-2.918089E-1	6.087172E-2
0.066500	2.794993E-1	-2.817949E-1	6.216564E-2
0.066562	2.895410E-1	-2.742844E-1	6.216564E-2
0.066625	2.995827E-1	-2.492496E-1	6.216564E-2
0.066687	3.020932E-1	-2.317252E-1	6.216564E-2
0.066750	3.096244E-1	-2.342287E-1	6.216564E-2
0.066812	3.171557E-1	-1.941729E-1	6.410651E-2
0.066875	3.246870E-1	-1.441031E-1	6.345955E-2
0.066937	3.347287E-1	-9.904035E-2	6.345955E-2
0.067000	3.372391E-1	-7.400547E-2	6.345955E-2
0.067062	3.422600E-1	-4.146014E-2	6.216564E-2
0.067125	3.422600E-1	3.602626E-3	6.281260E-2
0.067187	3.472808E-1	5.116888E-2	6.281260E-2
0.067250	3.447704E-1	7.620375E-2	6.216564E-2
0.067312	3.397495E-1	1.062456E-1	6.216564E-2
0.067375	3.347287E-1	1.488049E-1	6.151868E-2
0.067437	3.322183E-1	1.913642E-1	6.087172E-2
0.067500	3.171557E-1	2.214060E-1	6.022476E-2
0.067562	3.071140E-1	2.439374E-1	6.022476E-2
0.067625	2.995827E-1	2.814897E-1	6.281260E-2
0.067687	2.895410E-1	3.240490E-1	6.216564E-2
0.067750	2.694576E-1	3.515873E-1	6.151868E-2
0.067812	2.569055E-1	3.616013E-1	6.087172E-2
0.067875	2.443534E-1	3.966501E-1	6.410651E-2
0.067937	2.267804E-1	4.392094E-1	6.345955E-2
0.068000	2.167387E-1	4.692512E-1	6.410651E-2
0.068062	1.991657E-1	4.867756E-1	6.345955E-2
0.068125	1.815927E-1	5.218245E-1	6.345955E-2
0.068187	1.640197E-1	6.520058E-1	6.216564E-2
0.068250	1.439363E-1	6.570128E-1	6.216564E-2
0.068312	1.288738E-1	6.419918E-1	6.216564E-2
0.068375	1.062800E-1	6.545093E-1	6.216564E-2
0.068437	8.619655E-2	6.920616E-1	6.087172E-2
0.068500	6.862357E-2	7.396278E-1	6.087172E-2
0.068562	3.598804E-2	7.922011E-1	6.087172E-2
0.068625	1.841506E-2	8.923406E-1	5.957781E-2
0.068687	-4.178772E-3	1.092620E+0	6.216564E-2
0.068750	-2.426218E-2	1.498184E+0	6.216564E-2
0.068812	-4.685601E-2	2.006392E+0	6.281260E-2
0.068875	-6.693941E-2	2.174126E+0	6.216564E-2
0.068937	-8.702282E-2	1.868701E+0	6.410651E-2
0.069000	-1.045958E-1	1.400548E+0	6.410651E-2
0.069062	-1.146375E-1	1.072592E+0	6.410651E-2
0.069125	-1.347209E-1	8.597952E-1	6.345955E-2
0.069187	-1.497835E-1	7.271104E-1	6.410651E-2
0.069250	-1.623356E-1	6.419918E-1	6.216564E-2
0.069312	-1.824190E-1	5.618803E-1	6.216564E-2
0.069375	-1.899503E-1	4.917826E-1	6.151868E-2
0.069437	-2.025024E-1	4.592373E-1	6.216564E-2
0.069500	-2.150545E-1	4.266920E-1	6.087172E-2
0.069562	-2.276067E-1	3.941466E-1	6.022476E-2
0.069625	-2.451796E-1	3.565943E-1	6.151868E-2
0.069687	-2.552213E-1	3.390699E-1	6.087172E-2
0.069750	-2.652630E-1	3.290560E-1	6.216564E-2
0.069812	-2.753047E-1	3.115315E-1	6.151868E-2
0.069875	-2.928777E-1	2.814897E-1	6.216564E-2
0.069937	-3.029194E-1	2.589583E-1	6.216564E-2
0.070000	-3.079403E-1	2.589583E-1	6.345955E-2
0.070062	-3.154716E-1	2.414339E-1	6.345955E-2
0.070125	-3.204924E-1	1.913642E-1	6.345955E-2
0.070187	-3.305341E-1	1.362874E-1	6.345955E-2
0.070250	-3.305341E-1	1.087491E-1	6.216564E-2
0.070312	-3.330445E-1	7.370027E-2	6.216564E-2
0.070375	-3.305341E-1	1.612006E-2	6.216564E-2
0.070437	-3.330445E-1	-2.393573E-2	6.216564E-2
0.070500	-3.280237E-1	-3.895665E-2	6.216564E-2
0.070562	-3.280237E-1	-6.899850E-2	6.087172E-2
0.070625	-3.280237E-1	-1.165648E-1	6.087172E-2
0.070687	-3.280237E-1	-1.591240E-1	6.022476E-2
0.070750	-3.230028E-1	-1.691380E-1	6.087172E-2
0.070812	-3.079403E-1	-1.966763E-1	6.216564E-2
0.070875	-3.079403E-1	-2.392356E-1	6.216564E-2
0.070937	-3.029194E-1	-2.792914E-1	6.151868E-2
0.071000	-2.903673E-1	-3.118368E-1	6.216564E-2
0.071062	-2.803256E-1	-3.293612E-1	6.345955E-2
0.071125	-2.677735E-1	-3.694170E-1	6.410651E-2
0.071187	-2.502005E-1	-4.169832E-1	6.281260E-2
0.071250	-2.326275E-1	-4.395146E-1	6.475347E-2
0.071312	-2.150545E-1	-4.595425E-1	6.216564E-2
0.071375	-2.025024E-1	-4.995983E-1	6.216564E-2
0.071437	-1.849294E-1	-5.346471E-1	6.151868E-2
0.071500	-1.623356E-1	-5.596820E-1	6.216564E-2
0.071562	-1.397418E-1	-5.797099E-1	6.151868E-2
0.071625	-1.196584E-1	-6.147587E-1	6.087172E-2
0.071687	-1.020854E-1	-6.623250E-1	5.957781E-2
0.071750	-8.702282E-2	-6.973738E-1	6.087172E-2
0.071812	-6.693941E-2	-7.199052E-1	6.087172E-2
0.071875	-4.434558E-2	-7.874993E-1	6.216564E-2
0.071937	-2.677260E-2	-8.951493E-1	6.216564E-2
0.072000	-1.422048E-2	-1.082911E+0	6.151868E-2
0.072062	1.590463E-2	-1.428392E+0	6.151868E-2
0.072125	3.347761E-2	-1.931593E+0	6.345955E-2
0.072187	5.105059E-2	-2.154403E+0	6.410651E-2
0.072250	7.866527E-2	-1.901551E+0	6.345955E-2
0.072312	9.372783E-2	-1.413371E+0	6.410651E-2
0.072375	1.087904E-1	-1.082911E+0	6.345955E-2
0.072437	1.263634E-1	-8.851353E-1	6.281260E-2
0.072500	1.439363E-1	-7.524505E-1	6.216564E-2
0.072562	1.665302E-1	-6.473040E-1	6.216564E-2
0.072625	1.841032E-1	-5.646890E-1	6.216564E-2
0.072687	1.891240E-1	-5.121157E-1	6.022476E-2
0.072750	2.041866E-1	-4.745634E-1	6.087172E-2
0.072812	2.092074E-1	-4.295006E-1	6.087172E-2
0.072875	2.267804E-1	-3.794309E-1	6.087172E-2
0.072937	2.393325E-1	-3.568995E-1	6.022476E-2
0.073000	2.493742E-1	-3.443821E-1	6.281260E-2
0.073062	2.569055E-1	-3.268577E-1	6.216564E-2
0.073125	2.644368E-1	-2.893054E-1	6.216564E-2
0.073187	2.719681E-1	-2.817949E-1	6.216564E-2
0.073250	2.820098E-1	-2.792914E-1	6.345955E-2
0.073312	2.895410E-1	-2.642705E-1	6.410651E-2
0.073375	3.046036E-1	-2.367321E-1	6.475347E-2
0.073437	3.121349E-1	-2.292217E-1	6.345955E-2
0.073500	3.221766E-1	-1.941729E-1	6.216564E-2
0.073562	3.297078E-1	-1.491101E-1	6.281260E-2
0.073625	3.372391E-1	-9.403337E-2	6.216564E-2
0.073687	3.372391E-1	-4.396363E-2	6.281260E-2
0.073750	3.422600E-1	-1.892876E-2	6.022476E-2
0.073812	3.422600E-1	8.609601E-3	6.151868E-2
0.073875	3.397495E-1	5.617586E-2	6.087172E-2
0.073937	3.322183E-1	9.372816E-2	6.151868E-2
0.074000	3.322183E-1	1.237700E-1	6.022476E-2
0.074062	3.246870E-1	1.538119E-1	6.216564E-2
0.074125	3.221766E-1	1.963711E-1	6.087172E-2
0.074187	3.071140E-1	2.314200E-1	6.216564E-2
0.074250	2.970723E-1	2.539513E-1	6.216564E-2
0.074312	2.895410E-1	2.814897E-1	6.410651E-2
0.074375	2.769889E-1	3.215455E-1	6.475347E-2
0.074437	2.744785E-1	3.616013E-1	6.410651E-2
0.074500	2.594159E-1	3.766222E-1	6.410651E-2
0.074562	2.443534E-1	3.991536E-1	6.216564E-2
0.074625	2.292908E-1	4.392094E-1	6.281260E-2
0.074687	2.192491E-1	4.792652E-1	6.281260E-2
0.074750	1.991657E-1	4.992931E-1	6.216564E-2
0.074812	1.866136E-1	3.791257E-1	6.151868E-2
0.074875	1.615093E-1	5.068035E-1	6.087172E-2
0.074937	1.439363E-1	6.119500E-1	6.087172E-2
0.075000	1.163217E-1	6.520058E-1	6.087172E-2
0.075062	9.623825E-2	6.720337E-1	6.087172E-2
0.075125	7.364442E-2	7.120895E-1	6.216564E-2
0.075187	5.356102E-2	7.621592E-1	6.281260E-2
0.075250	3.096719E-2	8.297534E-1	6.216564E-2
0.075312	8.373356E-3	9.424103E-1	6.281260E-2
0.075375	-1.422048E-2	1.192759E+0	6.410651E-2
0.075437	-3.430388E-2	1.698463E+0	6.410651E-2
0.075500	-5.187686E-2	2.181636E+0	6.410651E-2
0.075562	-7.196027E-2	2.164112E+0	6.345955E-2
0.075625	-8.953325E-2	1.693456E+0	6.410651E-2
0.075687	-1.096167E-1	1.262857E+0	6.216564E-2
0.075750	-1.221688E-1	9.949835E-1	6.216564E-2
0.075812	-1.347209E-1	8.072220E-1	6.216564E-2
0.075875	-1.522939E-1	6.945651E-1	6.216564E-2
0.075937	-1.648460E-1	6.194605E-1	6.151868E-2
0.076000	-1.824190E-1	5.543698E-1	6.151868E-2
0.076062	-1.999920E-1	4.942861E-1	6.087172E-2
0.076125	-2.125441E-1	4.492233E-1	6.151868E-2
0.076187	-2.276067E-1	4.241885E-1	6.087172E-2
0.076250	-2.401588E-1	4.016571E-1	6.216564E-2
0.076312	-2.502005E-1	3.616013E-1	6.281260E-2
0.076375	-2.702839E-1	3.315594E-1	6.281260E-2
0.076437	-2.803256E-1	3.165385E-1	6.216564E-2
0.076500	-2.878569E-1	3.040211E-1	6.475347E-2
0.076562	-2.978986E-1	2.789862E-1	6.281260E-2
0.076625	-3.054299E-1	2.564548E-1	6.345955E-2
0.076687	-3.104507E-1	2.389304E-1	6.410651E-2
0.076750	-3.179820E-1	2.038816E-1	6.281260E-2
0.076812	-3.255133E-1	1.538119E-1	6.216564E-2
0.076875	-3.255133E-1	1.062456E-1	6.216564E-2
0.076937	-3.305341E-1	8.621770E-2	6.216564E-2
0.077000	-3.355550E-1	4.866539E-2	6.087172E-2
0.077062	-3.330445E-1	1.111309E-2	6.087172E-2
0.077125	-3.330445E-1	-4.146014E-2	5.957781E-2
0.077187	-3.405758E-1	-7.400547E-2	6.087172E-2
0.077250	-3.380654E-1	-8.401942E-2	6.022476E-2
0.077312	-3.305341E-1	-1.165648E-1	6.216564E-2
0.077375	-3.280237E-1	-1.666345E-1	6.216564E-2
0.077437	-3.255133E-1	-1.966763E-1	6.281260E-2
0.077500	-3.179820E-1	-2.217112E-1	6.345955E-2
0.077562	-3.104507E-1	-2.567600E-1	6.475347E-2
0.077625	-3.004090E-1	-2.993193E-1	6.345955E-2
0.077687	-2.828360E-1	-3.318646E-1	6.345955E-2
0.077750	-2.702839E-1	-3.568995E-1	6.410651E-2
0.077812	-2.577318E-1	-3.869414E-1	6.345955E-2
0.077875	-2.451796E-1	-4.320041E-1	6.216564E-2
0.077937	-2.326275E-1	-4.645495E-1	6.216564E-2
0.078000	-2.050128E-1	-4.820739E-1	6.216564E-2
0.078062	-1.899503E-1	-4.970948E-1	6.216564E-2
0.078125	-1.723773E-1	-5.346471E-1	6.022476E-2
0.078187	-1.548043E-1	-5.797099E-1	6.151868E-2
0.078250	-1.397418E-1	-5.972343E-1	6.022476E-2
0.078312	-1.171479E-1	-6.147587E-1	6.087172E-2
0.078375	-9.957495E-2	-6.573180E-1	6.216564E-2
0.078437	-7.698112E-2	-7.073877E-1	6.281260E-2
0.078500	-6.442899E-2	-7.474435E-1	6.216564E-2
0.078562	-4.434558E-2	-8.100307E-1	6.216564E-2
0.078625	-2.175175E-2	-9.301981E-1	6.151868E-2
0.078687	-4.178772E-3	-1.165526E+0	6.410651E-2
0.078750	1.590463E-2	-1.583608E+0	6.410651E-2
0.078812	4.854017E-2	-2.056767E+0	6.410651E-2
0.078875	6.862357E-2	-2.141886E+0	6.410651E-2
0.078937	8.368613E-2	-1.778880E+0	6.216564E-2
0.079000	9.874868E-2	-1.320742E+0	6.216564E-2
0.079062	1.263634E-1	-1.020324E+0	6.281260E-2
0.079125	1.439363E-1	-8.275551E-1	6.345955E-2
0.079187	1.564885E-1	-7.098912E-1	6.087172E-2
0.079250	1.715510E-1	-6.197657E-1	6.022476E-2
0.079312	1.866136E-1	-5.421576E-1	6.151868E-2
0.079375	1.966553E-1	-4.870809E-1	6.087172E-2
0.079437	2.092074E-1	-4.495285E-1	6.087172E-2
0.079500	2.167387E-1	-4.144797E-1	6.216564E-2
0.079562	2.318012E-1	-3.694170E-1	6.216564E-2
0.079625	2.393325E-1	-3.418786E-1	6.216564E-2
0.079687	2.468638E-1	-3.343681E-1	6.216564E-2
0.079750	2.569055E-1	-3.193472E-1	6.345955E-2
0.079812	2.694576E-1	-2.893054E-1	6.345955E-2
0.079875	2.845202E-1	-2.617670E-1	6.345955E-2
0.079937	2.920515E-1	-2.617670E-1	6.345955E-2
0.080000	2.995827E-1	-2.592635E-1	6.345955E-2
0.080062	3.121349E-1	-2.317252E-1	6.216564E-2
0.080125	3.196661E-1	-2.016833E-1	6.216564E-2
0.080187	3.297078E-1	-1.741450E-1	6.216564E-2
0.080250	3.322183E-1	-1.390961E-1	6.216564E-2
0.080312	3.397495E-1	-8.902640E-2	6.087172E-2
0.080375	3.422600E-1	-3.895665E-2	6.087172E-2
0.080437	3.397495E-1	-6.411322E-3	6.087172E-2
0.080500	3.397495E-1	2.363052E-2	6.151868E-2
0.080562	3.347287E-1	6.368632E-2	6.022476E-2
0.080625	3.372391E-1	1.112526E-1	6.216564E-2
0.080687	3.297078E-1	1.412944E-1	6.216564E-2
0.080750	3.171557E-1	1.613223E-1	6.281260E-2
0.080812	3.096244E-1	1.963711E-1	6.216564E-2
0.080875	3.046036E-1	2.414339E-1	6.475347E-2
0.080937	2.945619E-1	2.714757E-1	6.410651E-2
0.081000	2.895410E-1	2.890002E-1	6.281260E-2
0.081062	2.794993E-1	3.165385E-1	6.345955E-2
0.081125	2.694576E-1	3.616013E-1	6.216564E-2
0.081187	2.543951E-1	3.916431E-1	6.216564E-2
0.081250	2.343117E-1	4.141745E-1	6.216564E-2
0.081312	2.343117E-1	4.417129E-1	6.216564E-2
0.081375	2.117178E-1	4.867756E-1	6.216564E-2
0.081437	1.916344E-1	4.892791E-1	6.151868E-2
0.081500	1.740615E-1	5.743977E-1	6.216564E-2
0.081562	1.514676E-1	6.269709E-1	6.151868E-2
0.081625	1.313842E-1	6.520058E-1	6.087172E-2
0.081687	1.138112E-1	6.645232E-1	6.216564E-2
0.081750	9.121740E-2	6.845511E-1	6.216564E-2
0.081812	6.862357E-2	7.170965E-1	6.216564E-2
0.081875	4.351932E-2	7.821871E-1	6.281260E-2
0.081937	2.092548E-2	8.673057E-1	6.281260E-2
0.082000	-1.668347E-3	1.017515E+0	6.345955E-2
0.082062	-2.426218E-2	1.327947E+0	6.410651E-2
0.082125	-3.430388E-2	1.856183E+0	6.345955E-2
0.082187	-5.438729E-2	2.171622E+0	6.410651E-2
0.082250	-7.447069E-2	1.983861E+0	6.281260E-2
0.082312	-9.455410E-2	1.493177E+0	6.216564E-2
0.082375	-1.071062E-1	1.142689E+0	6.216564E-2
0.082437	-1.297001E-1	9.248859E-1	6.281260E-2
0.082500	-1.422522E-1	7.671662E-1	5.957781E-2
0.082562	-1.598252E-1	6.620197E-1	6.151868E-2
0.082625	-1.698669E-1	5.819082E-1	6.022476E-2
0.082687	-1.924607E-1	5.318384E-1	6.087172E-2
0.082750	-2.025024E-1	4.792652E-1	6.087172E-2
0.082812	-2.200754E-1	4.367059E-1	6.216564E-2
0.082875	-2.301171E-1	4.041606E-1	6.216564E-2
0.082937	-2.451796E-1	3.891396E-1	6.281260E-2
0.083000	-2.602422E-1	3.590978E-1	6.216564E-2
0.083062	-2.702839E-1	3.190420E-1	6.345955E-2
0.083125	-2.803256E-1	3.015176E-1	6.410651E-2
0.083187	-2.828360E-1	2.890002E-1	6.410651E-2
0.083250	-2.953881E-1	2.739792E-1	6.345955E-2
0.083312	-3.029194E-1	2.514479E-1	6.216564E-2
0.083375	-3.129611E-1	2.314200E-1	6.281260E-2
0.083437	-3.204924E-1	1.988746E-1	6.216564E-2
0.083500	-3.230028E-1	1.613223E-1	6.216564E-2
0.083562	-3.305341E-1	1.137561E-1	6.216564E-2
0.083625	-3.330445E-1	6.869329E-2	6.087172E-2
0.083687	-3.330445E-1	4.115493E-2	6.087172E-2
0.083750	-3.405758E-1	1.361657E-2	6.087172E-2
0.083812	-3.405758E-1	-2.894271E-2	6.087172E-2
0.083875	-3.330445E-1	-7.650896E-2	6.216564E-2
0.083937	-3.355550E-1	-9.904035E-2	6.281260E-2
0.084000	-3.355550E-1	-1.215717E-1	6.281260E-2
0.084062	-3.355550E-1	-1.741450E-1	6.216564E-2
0.084125	-3.255133E-1	-2.091938E-1	6.345955E-2
0.084187	-3.204924E-1	-2.342287E-1	6.345955E-2
0.084250	-3.029194E-1	-2.592635E-1	6.475347E-2
0.084312	-2.928777E-1	-2.943123E-1	6.345955E-2
0.084375	-2.803256E-1	-3.418786E-1	6.281260E-2
0.084437	-2.702839E-1	-3.744239E-1	6.216564E-2
0.084500	-2.527109E-1	-3.969553E-1	6.281260E-2
0.084562	-2.326275E-1	-4.269972E-1	6.216564E-2
0.084625	-2.150545E-1	-4.645495E-1	6.216564E-2
0.084687	-2.025024E-1	-4.870809E-1	6.022476E-2
0.084750	-1.824190E-1	-5.046053E-1	6.087172E-2
0.084812	-1.698669E-1	-5.421576E-1	6.087172E-2
0.084875	-1.548043E-1	-5.772064E-1	6.087172E-2
0.084937	-1.322105E-1	-6.022413E-1	6.216564E-2
0.085000	-1.121271E-1	-6.272761E-1	6.216564E-2
0.085062	-1.045958E-1	-6.623250E-1	6.216564E-2
0.085125	-7.949154E-2	-7.148982E-1	6.216564E-2
0.085187	-5.940814E-2	-7.824923E-1	6.216564E-2
0.085250	-3.681431E-2	-8.500865E-1	6.410651E-2
0.085312	-1.422048E-2	-9.827713E-1	6.410651E-2
0.085375	1.088378E-2	-1.290700E+0	6.281260E-2
0.085437	3.096719E-2	-1.836460E+0	6.410651E-2
0.085500	5.356102E-2	-2.206977E+0	6.216564E-2
0.085562	7.364442E-2	-2.079299E+0	6.216564E-2
0.085625	9.372783E-2	-1.588615E+0	6.216564E-2
0.085687	1.138112E-1	-1.190561E+0	6.151868E-2
0.085750	1.338946E-1	-9.402120E-1	6.151868E-2
0.085812	1.489572E-1	-7.824923E-1	6.087172E-2
0.085875	1.640197E-1	-6.773459E-1	6.022476E-2
0.085937	1.765719E-1	-5.947308E-1	6.022476E-2
0.086000	1.891240E-1	-5.171227E-1	6.087172E-2
0.086062	2.016761E-1	-4.620460E-1	6.216564E-2
0.086125	2.117178E-1	-4.244937E-1	6.216564E-2
0.086187	2.217595E-1	-4.044658E-1	6.216564E-2
0.086250	2.343117E-1	-3.794309E-1	6.216564E-2
0.086312	2.443534E-1	-3.393751E-1	6.410651E-2
0.086375	2.569055E-1	-3.218507E-1	6.410651E-2
0.086437	2.694576E-1	-3.118368E-1	6.410651E-2
0.086500	2.794993E-1	-2.968158E-1	6.410651E-2
0.086562	2.895410E-1	-2.692775E-1	6.151868E-2
0.086625	3.020932E-1	-2.567600E-1	6.281260E-2
0.086687	3.096244E-1	-2.517531E-1	6.216564E-2
0.086750	3.221766E-1	-2.392356E-1	6.216564E-2
0.086812	3.297078E-1	-1.841589E-1	6.216564E-2
0.086875	3.347287E-1	-1.415996E-1	6.087172E-2
0.086937	3.397495E-1	-1.140613E-1	5.957781E-2
0.087000	3.372391E-1	-7.150199E-2	6.087172E-2
0.087062	3.422600E-1	-1.642527E-2	6.087172E-2
0.087125	3.372391E-1	2.613401E-2	6.216564E-2
0.087187	3.397495E-1	4.115493E-2	6.216564E-2
0.087250	3.297078E-1	6.869329E-2	6.216564E-2
0.087312	3.297078E-1	1.212665E-1	6.216564E-2
0.087375	3.246870E-1	1.538119E-1	6.216564E-2
0.087437	3.196661E-1	1.738398E-1	6.410651E-2
0.087500	3.121349E-1	1.988746E-1	6.410651E-2
0.087562	3.096244E-1	2.389304E-1	6.345955E-2
0.087625	3.020932E-1	2.789862E-1	6.475347E-2
0.087687	2.870306E-1	3.065246E-1	6.281260E-2
0.087750	2.744785E-1	3.315594E-1	6.216564E-2
0.087812	2.694576E-1	3.691117E-1	6.216564E-2
0.087875	2.543951E-1	4.091675E-1	6.216564E-2
0.087937	2.393325E-1	4.367059E-1	6.281260E-2
0.088000	2.242700E-1	4.517268E-1	6.087172E-2
0.088062	2.066970E-1	4.917826E-1	6.087172E-2
0.088125	1.891240E-1	5.944256E-1	6.087172E-2
0.088187	1.665302E-1	6.319779E-1	6.087172E-2
0.088250	1.439363E-1	6.144535E-1	6.216564E-2
0.088312	1.213425E-1	6.319779E-1	6.151868E-2
0.088375	1.037695E-1	6.720337E-1	6.216564E-2
0.088437	7.866527E-2	7.020755E-1	6.216564E-2
0.088500	5.356102E-2	7.271104E-1	6.216564E-2
0.088562	3.096719E-2	7.871941E-1	6.345955E-2
0.088625	1.590463E-2	8.923406E-1	6.475347E-2
0.088687	-1.668347E-3	1.085109E+0	6.475347E-2
0.088750	-2.175175E-2	1.475653E+0	6.475347E-2
0.088812	-4.434558E-2	1.991371E+0	6.216564E-2
0.088875	-6.191856E-2	2.174126E+0	6.345955E-2
0.088937	-7.447069E-2	1.873708E+0	6.281260E-2
0.089000	-9.455410E-2	1.390534E+0	6.216564E-2
0.089062	-1.146375E-1	1.067585E+0	6.216564E-2
0.089125	-1.271896E-1	8.773196E-1	6.087172E-2
0.089187	-1.422522E-1	7.471383E-1	6.087172E-2
0.089250	-1.648460E-1	6.344814E-1	6.022476E-2
0.089312	-1.773981E-1	5.643837E-1	5.957781E-2
0.089375	-1.924607E-1	5.168175E-1	6.216564E-2
0.089437	-2.025024E-1	4.717547E-1	6.216564E-2
0.089500	-2.276067E-1	4.291954E-1	6.216564E-2
0.089562	-2.401588E-1	3.816292E-1	6.151868E-2
0.089625	-2.527109E-1	3.641048E-1	6.345955E-2
0.089687	-2.627526E-1	3.440769E-1	6.410651E-2
0.089750	-2.677735E-1	3.165385E-1	6.410651E-2
0.089812	-2.778152E-1	2.814897E-1	6.475347E-2
0.089875	-2.828360E-1	2.739792E-1	6.216564E-2
0.089937	-2.953881E-1	2.664688E-1	6.281260E-2
0.090000	-2.978986E-1	2.489444E-1	6.216564E-2
0.090062	-3.079403E-1	2.239095E-1	6.216564E-2
0.090125	-3.154716E-1	1.888607E-1	6.216564E-2
0.090187	-3.204924E-1	1.613223E-1	6.087172E-2
0.090250	-3.280237E-1	1.087491E-1	6.087172E-2
0.090312	-3.355550E-1	5.867934E-2	6.087172E-2
0.090375	-3.380654E-1	2.613401E-2	6.087172E-2
0.090437	-3.380654E-1	1.099139E-3	6.281260E-2
0.090500	-3.355550E-1	-2.894271E-2	6.216564E-2
0.090562	-3.430862E-1	-7.901245E-2	6.216564E-2
0.090625	-3.380654E-1	-1.165648E-1	6.151868E-2
0.090687	-3.330445E-1	-1.415996E-1	6.410651E-2
0.090750	-3.280237E-1	-1.766484E-1	6.475347E-2
0.090812	-3.154716E-1	-2.192077E-1	6.345955E-2
0.090875	-3.079403E-1	-2.617670E-1	6.345955E-2
0.090937	-2.978986E-1	-2.817949E-1	6.216564E-2
0.091000	-2.828360E-1	-3.068298E-1	6.216564E-2
0.091062	-2.702839E-1	-3.518925E-1	6.216564E-2
0.091125	-2.577318E-1	-3.819344E-1	6.151868E-2
0.091187	-2.426692E-1	-3.994588E-1	6.022476E-2
0.091250	-2.250962E-1	-4.269972E-1	6.087172E-2
0.091312	-2.175650E-1	-4.695564E-1	6.022476E-2
0.091375	-1.999920E-1	-4.970948E-1	6.087172E-2
0.091437	-1.824190E-1	-5.146192E-1	6.281260E-2
0.091500	-1.623356E-1	-5.346471E-1	6.216564E-2
0.091562	-1.522939E-1	-5.772064E-1	6.281260E-2
0.091625	-1.322105E-1	-6.147587E-1	6.216564E-2
0.091687	-1.121271E-1	-6.473040E-1	6.151868E-2
0.091750	-8.953325E-2	-6.798494E-1	6.410651E-2
0.091812	-7.698112E-2	-7.324226E-1	6.410651E-2
0.091875	-5.187686E-2	-8.025202E-1	6.345955E-2
0.091937	-2.928303E-2	-8.951493E-1	6.345955E-2
0.092000	-4.178772E-3	-1.070393E+0	6.216564E-2
0.092062	2.092548E-2	-1.428392E+0	6.216564E-2
0.092125	4.100889E-2	-1.936600E+0	6.087172E-2
0.092187	6.109230E-2	-2.154403E+0	6.216564E-2
0.092250	8.368613E-2	-1.899048E+0	6.087172E-2
0.092312	9.874868E-2	-1.425889E+0	6.022476E-2
0.092375	1.138112E-1	-1.105442E+0	6.087172E-2
0.092437	1.288738E-1	-8.801283E-1	6.087172E-2
0.092500	1.414259E-1	-7.349261E-1	6.087172E-2
0.092562	1.589989E-1	-6.322831E-1	6.281260E-2
0.092625	1.740615E-1	-5.696959E-1	6.216564E-2
0.092687	1.790823E-1	-5.146192E-1	6.151868E-2
0.092750	1.941449E-1	-4.545355E-1	6.281260E-2
0.092812	2.092074E-1	-4.194867E-1	6.345955E-2
0.092875	2.167387E-1	-3.994588E-1	6.345955E-2
0.092937	2.368221E-1	-3.744239E-1	6.345955E-2
0.093000	2.493742E-1	-3.418786E-1	6.475347E-2
0.093062	2.569055E-1	-3.168437E-1	6.216564E-2
0.093125	2.669472E-1	-3.168437E-1	6.216564E-2
0.093187	2.794993E-1	-2.968158E-1	6.281260E-2
0.093250	2.920515E-1	-2.717810E-1	6.281260E-2
0.093312	2.995827E-1	-2.492496E-1	6.281260E-2
0.093375	3.096244E-1	-2.442426E-1	5.957781E-2
0.093437	3.171557E-1	-2.442426E-1	6.087172E-2
0.093500	3.221766E-1	-1.841589E-1	6.087172E-2
0.093562	3.246870E-1	-1.290822E-1	6.087172E-2
0.093625	3.297078E-1	-9.403337E-2	6.216564E-2
0.093687	3.397495E-1	-6.399153E-2	6.216564E-2
0.093750	3.297078E-1	-1.892876E-2	6.216564E-2
0.093812	3.271974E-1	2.613401E-2	6.216564E-2
0.093875	3.297078E-1	5.367237E-2	6.475347E-2
0.093937	3.246870E-1	8.371421E-2	6.410651E-2
0.094000	3.322183E-1	1.137561E-1	6.345955E-2
0.094062	3.246870E-1	1.663293E-1	6.345955E-2
0.094125	3.196661E-1	1.913642E-1	6.410651E-2
0.094187	3.096244E-1	2.088886E-1	6.281260E-2
0.094250	3.071140E-1	2.389304E-1	6.281260E-2
0.094312	3.020932E-1	2.915036E-1	6.281260E-2
0.094375	2.895410E-1	3.265525E-1	6.281260E-2
0.094437	2.744785E-1	3.415734E-1	6.022476E-2
0.094500	2.594159E-1	3.716152E-1	6.151868E-2
0.094562	2.468638E-1	4.116710E-1	6.087172E-2
0.094625	2.292908E-1	4.542303E-1	6.087172E-2
0.094687	2.142283E-1	4.717547E-1	6.151868E-2
0.094750	1.941449E-1	5.017966E-1	6.216564E-2
0.094812	1.715510E-1	5.393489E-1	6.216564E-2
0.094875	1.514676E-1	5.743977E-1	6.345955E-2
0.094937	1.313842E-1	6.094465E-1	6.216564E-2
0.095000	1.087904E-1	6.444953E-1	6.410651E-2
0.095062	8.870698E-2	6.820476E-1	6.475347E-2
0.095125	7.615485E-2	7.145930E-1	6.410651E-2
0.095187	5.607144E-2	7.446348E-1	6.410651E-2
0.095250	3.347761E-2	8.072220E-1	6.216564E-2
0.095312	1.339421E-2	9.374033E-1	6.216564E-2
0.095375	-1.668347E-3	1.187752E+0	6.216564E-2
0.095437	-2.426218E-2	1.683442E+0	6.345955E-2
0.095500	-4.183516E-2	2.166616E+0	6.281260E-2
0.095562	-6.191856E-2	2.171622E+0	6.087172E-2
0.095625	-7.949154E-2	1.728505E+0	6.087172E-2
0.095687	-1.045958E-1	1.275374E+0	6.022476E-2
0.095750	-1.271896E-1	9.974870E-1	6.151868E-2
0.095812	-1.397418E-1	8.222429E-1	6.281260E-2
0.095875	-1.573147E-1	7.095860E-1	6.281260E-2
0.095937	-1.773981E-1	6.219639E-1	6.345955E-2
0.096000	-1.949711E-1	5.393489E-1	6.281260E-2
0.096062	-2.050128E-1	4.892791E-1	6.410651E-2
0.096125	-2.175650E-1	4.617408E-1	6.410651E-2
0.096187	-2.351379E-1	4.266920E-1	6.410651E-2
0.096250	-2.376484E-1	3.791257E-1	6.410651E-2
0.096312	-2.502005E-1	3.515873E-1	6.410651E-2
0.096375	-2.577318E-1	3.390699E-1	6.281260E-2
0.096437	-2.727943E-1	3.190420E-1	6.281260E-2
0.096500	-2.753047E-1	2.839932E-1	6.281260E-2
0.096562	-2.853464E-1	2.714757E-1	6.281260E-2
0.096625	-2.928777E-1	2.664688E-1	6.151868E-2
0.096687	-3.029194E-1	2.539513E-1	6.087172E-2
0.096750	-3.129611E-1	2.013781E-1	6.151868E-2
0.096812	-3.280237E-1	1.513084E-1	6.087172E-2
0.096875	-3.280237E-1	1.312805E-1	6.087172E-2
0.096937	-3.330445E-1	9.372816E-2	6.281260E-2
0.097000	-3.355550E-1	5.867934E-2	6.216564E-2
0.097062	-3.481071E-1	8.609601E-3	6.216564E-2
0.097125	-3.481071E-1	-1.892876E-2	6.216564E-2
0.097187	-3.455967E-1	-4.897060E-2	6.475347E-2
0.097250	-3.405758E-1	-8.902640E-2	6.410651E-2
0.097312	-3.355550E-1	-1.315857E-1	6.410651E-2
0.097375	-3.280237E-1	-1.591240E-1	6.410651E-2
0.097437	-3.204924E-1	-1.891659E-1	6.410651E-2
0.097500	-3.129611E-1	-2.317252E-1	6.281260E-2
0.097562	-3.054299E-1	-2.792914E-1	6.216564E-2
0.097625	-2.903673E-1	-3.068298E-1	6.281260E-2
0.097687	-2.753047E-1	-3.143402E-1	6.216564E-2
0.097750	-2.627526E-1	-3.543960E-1	6.022476E-2
0.097812	-2.527109E-1	-3.969553E-1	6.087172E-2
0.097875	-2.401588E-1	-4.194867E-1	6.151868E-2
0.097937	-2.276067E-1	-4.370111E-1	6.087172E-2
0.098000	-2.100337E-1	-4.645495E-1	6.087172E-2
0.098062	-1.949711E-1	-5.071087E-1	6.281260E-2
0.098125	-1.799086E-1	-5.346471E-1	6.281260E-2
0.098187	-1.648460E-1	-5.546750E-1	6.216564E-2
0.098250	-1.447626E-1	-5.897238E-1	6.216564E-2
0.098312	-1.271896E-1	-6.347866E-1	6.216564E-2
0.098375	-1.071062E-1	-6.723389E-1	6.345955E-2
0.098437	-8.451239E-2	-7.023807E-1	6.410651E-2
0.098500	-5.689771E-2	-7.424365E-1	6.410651E-2
0.098562	-3.932473E-2	-8.275551E-1	6.345955E-2
0.098625	-1.673090E-2	-9.427155E-1	6.216564E-2
0.098687	5.862930E-3	-1.155512E+0	6.216564E-2
0.098750	3.347761E-2	-1.573594E+0	6.151868E-2
0.098812	5.105059E-2	-2.059271E+0	6.216564E-2
0.098875	6.862357E-2	-2.154403E+0	6.216564E-2
0.098937	9.121740E-2	-1.776377E+0	6.087172E-2
0.099000	1.087904E-1	-1.310728E+0	6.087172E-2
0.099062	1.188321E-1	-1.022827E+0	6.087172E-2
0.099125	1.338946E-1	-8.375691E-1	6.087172E-2
0.099187	1.514676E-1	-7.073877E-1	6.281260E-2
0.099250	1.665302E-1	-6.097517E-1	6.216564E-2
0.099312	1.715510E-1	-5.446611E-1	6.216564E-2
0.099375	1.866136E-1	-5.021018E-1	6.216564E-2
0.099437	2.016761E-1	-4.495285E-1	6.216564E-2
0.099500	2.117178E-1	-4.069693E-1	6.345955E-2
0.099562	2.267804E-1	-3.769274E-1	6.345955E-2
0.099625	2.393325E-1	-3.619065E-1	6.281260E-2
0.099687	2.543951E-1	-3.418786E-1	6.410651E-2
0.099750	2.644368E-1	-3.068298E-1	6.281260E-2
0.099812	2.744785E-1	-2.918089E-1	6.216564E-2
0.099875	2.870306E-1	-2.842984E-1	6.216564E-2
0.099937	2.995827E-1	-2.617670E-1	6.216564E-2
